r_sep02_median L Teff r_avg10_median dnu02_median r_avg01_median Fe/H Dnu0_median
9.520405108823112861e-02 3.075212814685928109e-01 3.208014563975909728e-02 2.088408960830316630e-02 2.686306560732061935e-02 4.399420162733847506e-01 5.347429997434166582e-02 2.403105034006680629e-02
5.828429308825274630e-02 1.100019089045020382e-01 3.953751765902513426e-02 1.468132640205764908e-02 5.991617723146040048e-02 6.564649470164590772e-01 3.408975463852084026e-02 2.702407505972213506e-02
2.659545914865328320e-01 7.659456573057714379e-02 3.420848209550145236e-02 3.673910706577317165e-02 2.779477961831172336e-02 4.101737406872689173e-01 9.990564772904762803e-02 4.862908558698721129e-02
5.281102614035523141e-02 4.571099302730232683e-01 3.149107494297487958e-02 1.591043982594545977e-02 1.212700799533020096e-01 2.642880502942729914e-01 3.920172995571168106e-02 1.791766861441453779e-02
1.702320570184009951e-01 6.298543329002175006e-02 3.844852783186403916e-02 3.601001870469298927e-02 8.330652964888182743e-02 5.434132290522083464e-01 2.163859736043764748e-02 4.396560709349246754e-02
4.182015306266162469e-02 1.094326211051088737e-01 3.394105075908883384e-02 2.123701804254051612e-02 2.842518591903465605e-02 7.078714220361627119e-01 2.041269773412042465e-02 3.685985134128230006e-02
4.326096189997313129e-02 7.553010524798624281e-02 3.814396443282939975e-02 4.169607452113711227e-02 1.583006590729384849e-02 7.142101933541284975e-01 3.362046396608327214e-02 3.770817067056845412e-02
4.206361003910292357e-02 4.696680606679790038e-01 2.756312954579212549e-02 3.617393369592770275e-02 1.155790270417604571e-01 1.964644104301399852e-01 2.328906478847427367e-02 8.919876379082346263e-02
3.342314562149582002e-01 7.648733753427222615e-02 5.110005277061853424e-02 3.448130507376194476e-02 3.359872020245190799e-02 4.083155805605634958e-01 3.426108311534192818e-02 2.752446452803181814e-02
5.565825370128248128e-02 5.572507194455254831e-02 2.325063844718870398e-01 5.640039837695964842e-02 1.380092754082409556e-01 3.505457149537959394e-01 2.837623940968580366e-02 8.277866173359554880e-02
3.960374432510837400e-02 8.052554260591396340e-02 3.493934828186964769e-02 3.944884809277349885e-02 2.432705785649832975e-02 7.153638239191972836e-01 3.456151646274206041e-02 3.123011845589670696e-02
1.053133241586754060e-01 1.109063253128673293e-01 3.036955951593441061e-02 3.886659500277861445e-02 4.808637164068501474e-02 5.341520764350536910e-01 1.111389055731017012e-01 2.116684236090369056e-02
4.586484837482556615e-02 7.119420304733925509e-02 4.563962672988958191e-02 3.499191145206386605e-02 1.936872779379510481e-02 7.176579221268956088e-01 3.693112607710146572e-02 2.835163439808949248e-02
3.336892834231639654e-02 9.047522211157496552e-02 4.014876393662441395e-02 5.031330063598250801e-02 1.749910107704883908e-02 7.024927816290620353e-01 2.737188581126532086e-02 3.833001645612545139e-02
3.940417065291949850e-02 1.947387825388276206e-01 3.687293238720630584e-02 2.900287794987317994e-02 2.186682257172017224e-02 5.221330663987816534e-01 1.193860006434732945e-01 3.659534685719844499e-02
4.874733850277987446e-02 6.479096160301719975e-02 3.524846076749746371e-02 8.516792894414604298e-02 1.307773439983015568e-02 6.965779846462116787e-01 2.176103207499387876e-02 3.462855906152358110e-02
3.649736581850925032e-02 1.276264620370329561e-01 3.806912956383273761e-02 2.742106681584730379e-02 1.080554056924559227e-02 6.989683108109318033e-01 4.788014032328506697e-02 1.273198406131520986e-02
3.210646504615369962e-02 1.920675185673283714e-01 1.124919550622548309e-01 3.468636832817088150e-02 2.541634601076083258e-02 2.432634447109557896e-01 1.738363145882399971e-02 3.425842708155514837e-01
7.681920212985998697e-02 7.951387615608490611e-02 3.126927091071827342e-02 3.367138287372162253e-02 5.227930583093011452e-02 6.486178415683975240e-01 2.186136453525652432e-02 5.596775599503097526e-02
3.144238320261097397e-02 7.578065702940625648e-02 4.198812919766340551e-02 6.443571598287561875e-02 1.557247939555506284e-02 6.860152594266304416e-01 6.269875200685338934e-02 2.206662375840478738e-02
3.334123910082971431e-02 9.272185024087130356e-02 3.297937102428988992e-02 4.105954592433429945e-02 2.166517940023257247e-02 7.106030465356784065e-01 3.511180683370695305e-02 3.251796094005690585e-02
1.198312525370811288e-01 9.162659176434866104e-02 8.662434809877661568e-02 1.643626092022216004e-02 3.135418682257495870e-02 3.446784335967744139e-01 2.365399349808380153e-02 2.857949327621382984e-01
4.220436509346092713e-02 7.201050185159658945e-02 3.592384933071501862e-02 4.487840171263218769e-02 3.367290796121073793e-02 7.109488120659087640e-01 3.342439315899849855e-02 2.693676882547724194e-02
2.482305619320832879e-01 1.022522390214188059e-01 3.851378082052979435e-02 2.097279469241703637e-02 2.670030053515209598e-02 4.985907857730882964e-01 2.903850515401924792e-02 3.570103207129150802e-02
5.459210612784470146e-02 7.243178075998008003e-02 9.671244665509244609e-02 6.194490823285492970e-02 1.245403298195723180e-01 4.972002090504540894e-01 3.452110032843118403e-02 5.805711902577026517e-02
4.993248371932502983e-02 7.912645273681016833e-02 3.487343013281601900e-02 2.021654698480321311e-02 2.771831282980594460e-02 7.117090934848895323e-01 4.279181212232082560e-02 3.363186798922932624e-02
3.553247431476809215e-01 1.554636503977238071e-01 3.654650636378044271e-02 5.314873594648918120e-02 1.161027459023615538e-01 2.214765854564710312e-01 3.564459744263087648e-02 2.629243534286225883e-02
5.836857425687163453e-02 1.528614139201432409e-01 3.341196808419159836e-02 2.542372392671812115e-02 4.894071704350005936e-02 6.091517254603718845e-01 2.812730490867969974e-02 4.371457239952375451e-02
3.664814067779929158e-02 5.661609437161175401e-02 4.093634379046221655e-02 5.788015990639387709e-02 1.291706115519048251e-02 7.260540471059517831e-01 2.900068838973692345e-02 3.994746460285368561e-02
4.008295040541842019e-02 5.938280346119389347e-02 3.574243826544952485e-02 3.759918607083985453e-02 2.809131789616437294e-02 7.303027378307260786e-01 2.429301317230765644e-02 4.450555289790026486e-02
3.878302857919910251e-02 8.935451337876661182e-02 4.019002194137494266e-02 3.214058470005434071e-02 2.190144887719525785e-02 6.482569874444316094e-01 8.375932342937128516e-02 4.561409164960677359e-02
5.212245108398193272e-02 8.142421155617642070e-02 9.748358099217697970e-02 2.789944666654864402e-02 1.260383948858106729e-01 5.542408448581275238e-01 2.887471757581634019e-02 3.191635238136163871e-02
3.775417694636225285e-02 8.072386879931231496e-02 4.263944279430771644e-02 3.857058150404685942e-02 2.295978106519864712e-02 7.175753465582945800e-01 2.988208852648345168e-02 2.989471380599415667e-02
4.445408421557975331e-02 3.035177990500317335e-01 3.428140037994775041e-02 2.637559405991660513e-02 1.737867778295046073e-01 3.417878476243865205e-01 4.045576341045922092e-02 3.534073343017381241e-02
6.979112801484016471e-02 2.969093891359207982e-01 3.006705129878495947e-02 2.661920628525124913e-02 3.104841888391587923e-02 4.502443324168058925e-01 3.251831304037677839e-02 6.280216092410434436e-02
1.506207507875156060e-01 8.105886848685597834e-02 1.087906249437442935e-01 3.372063482754180525e-02 6.683604599335804530e-02 1.369580879976642906e-01 1.620523619292651152e-01 2.599626250340548173e-01
6.024797234447103883e-02 1.035345813936821430e-01 2.140338169659098955e-01 3.773208019702710414e-02 3.757030127218370652e-02 2.292375838776212205e-01 2.833026239783472122e-01 3.434103997075769327e-02
4.668077193860482865e-02 6.702644633145629638e-02 2.314766843597960144e-01 8.547711274657220082e-02 7.567549695158672096e-02 3.943364735667222454e-01 6.414885123624522456e-02 3.517816286901648964e-02
4.720260890537796711e-02 4.651860566380452977e-02 6.772926049241684288e-02 5.289890898732724223e-02 3.225347204312731253e-02 6.804422782285266535e-01 2.570282117729334043e-02 4.725204450212624335e-02
1.904785654516081839e-01 1.131443720156483645e-01 3.571241486548080296e-02 8.739653444963778328e-02 1.647423430953349754e-01 3.323205316508197615e-01 3.212469418523650200e-02 4.408054428623359861e-02
3.829872917120134140e-02 8.849213113743492620e-02 4.464701886138125464e-02 3.104531025421015944e-02 1.668543954845595062e-02 7.208779653522057185e-01 2.672224276986258709e-02 3.323116290524789906e-02
4.082085362699974795e-02 7.724381524718380854e-02 3.471213779441435082e-02 2.712178921836981907e-02 3.389042920464398201e-02 7.183971903319888996e-01 2.896396981543812935e-02 3.884981476096132508e-02
1.096078425208788371e-01 7.221559980797451206e-02 3.484230125514649334e-02 3.487978983649303588e-02 1.779315529190371101e-02 6.683678680576304876e-01 3.395482376474531078e-02 2.833861946522766087e-02
4.547875050138750624e-02 1.414252221844511381e-01 3.458542443923760812e-02 3.269598232645359176e-02 2.263860479536001710e-02 5.343033683158430192e-01 2.382082582379501171e-02 1.650518216134720384e-01
4.625939790733246681e-02 1.212728604392288995e-01 2.243055895845469661e-01 4.877294296594762713e-02 4.621559012585910869e-02 1.995584594544232981e-01 2.930496018526305146e-01 2.056555767003118845e-02
1.916973703999801382e-01 9.929650599140139866e-02 3.539669375984488831e-02 1.635586104687377848e-02 6.231816807119550106e-02 5.256454958966223501e-01 3.769451792741231738e-02 3.159538690666968686e-02
1.615918288735563590e-01 6.925543092050885641e-02 3.919725341692330278e-02 5.026166632049595961e-02 3.889361201374940541e-02 5.515628042496790728e-01 3.503154618441966378e-02 5.420585802066731768e-02
4.097438715837400242e-02 1.053174715242927578e-01 3.328850058838241782e-02 1.096620790288186688e-02 2.823871911208615873e-02 7.156844473554858643e-01 3.666675922393290710e-02 2.886350713456401623e-02
4.915488920897551767e-02 6.815243989071430308e-02 3.215176160336472022e-02 5.757638816344032989e-02 2.983492269385916440e-02 6.949304203145347802e-01 3.626465784434917961e-02 3.193452028076199101e-02
3.189183419693133320e-02 9.347557925093699649e-02 5.484884371933448910e-02 3.342719081152639021e-02 2.598979745298499178e-02 7.015911197867875648e-01 4.075346325212177157e-02 1.802217152937646283e-02
3.789829338644645079e-02 9.913859648879444486e-02 3.688939667531997840e-02 3.340220945847104106e-02 2.333632926388225226e-02 7.108582805863262744e-01 2.381002724150961536e-02 3.466686689924997761e-02
3.101973706649460011e-02 7.835251190196164395e-02 1.136856046212626203e-01 3.588674638361565028e-02 7.046405044899951842e-02 5.708886752193558234e-01 7.476897304105287190e-02 2.493370131725742428e-02
3.481810532717011242e-02 1.903362062221992668e-01 4.729780058564775347e-02 7.743207249471918685e-02 1.591593002666569917e-02 4.309492501524937458e-01 1.764791053052388037e-01 2.677152988586544227e-02
3.387885405838332586e-02 6.687522274370082120e-02 2.312980836711971966e-01 5.393008769161516253e-02 2.450181942637501969e-02 5.210214594101097996e-01 3.140002844100430596e-02 3.709444455761441023e-02
8.973027878819721248e-02 7.097385666957128914e-02 1.885436012219121882e-01 4.128480576381311773e-02 5.031428315144943070e-02 5.070965591621451329e-01 2.252044978803347669e-02 2.953616545487811745e-02
3.935678580216263323e-02 8.638631823028419809e-02 4.051840803206194913e-02 3.513031163221410486e-02 4.435407989321127342e-02 6.909699308003465212e-01 2.116890273655323493e-02 4.211526287316615103e-02
3.248500448409007979e-01 8.476092783110811268e-02 5.978905708242542028e-02 6.554988898072636183e-02 1.186375409770711320e-01 2.963142293983221376e-01 2.644698686458574893e-02 2.365132402486026103e-02
6.933338394983233621e-02 6.349335463205393881e-02 3.810994971230249190e-02 1.155055637796387757e-01 3.916054452776158157e-01 2.625600362292095924e-01 2.509220668197040954e-02 3.430005973737659114e-02
3.217956795787395990e-02 3.273559615695432745e-01 3.419888191148608841e-02 1.863042946146580697e-02 2.180668263296640583e-02 4.717462615037280038e-01 2.331687760250136104e-02 7.076533736043509604e-02
1.516080923135353642e-01 3.516966649617814800e-01 3.369703777590958571e-02 1.512808419473795317e-02 2.669200332109650242e-01 1.145893266590702203e-01 2.593283632112696607e-02 4.042792456287352953e-02
1.375198215596080686e-01 1.555771837307443062e-01 3.703094287044313843e-02 3.643749468993597723e-02 3.644394282855129702e-02 4.999082939034231732e-01 6.351882000817962726e-02 3.356350040911434962e-02
3.386890173752059308e-02 7.490153693849495309e-02 3.622247778136394869e-02 4.529925908824534303e-02 2.203702828249681431e-02 7.288180418527665516e-01 2.844939167330708119e-02 3.040336264580471501e-02
1.839961300167181069e-01 6.703680825413625699e-02 4.599286260651065661e-02 7.240987060506445805e-02 2.832915636477087787e-02 2.708554135436109789e-01 4.760314279724866399e-02 2.837766158119400806e-01
3.397325025920829716e-02 1.555168757793458090e-01 3.494795811169036648e-02 8.210946492452129986e-02 1.152990998117511823e-01 5.155285819809677372e-01 2.091171232847631456e-02 4.171305680403891714e-02
3.255177238941868445e-02 1.475693407618927921e-01 3.545559846395957004e-02 1.639373277335949911e-02 1.743297936252326610e-02 6.773368769092961150e-01 5.238764419727152954e-02 2.087205514227849154e-02
3.447805100785582277e-02 6.534211463330873160e-02 4.494878274279483221e-02 5.260697639333543341e-02 1.715678100670455647e-02 7.084320302333076969e-01 4.426780447273568481e-02 3.276745950995722800e-02
2.025103559316149826e-01 9.027330384829718168e-02 2.852051316708385451e-02 2.265927451726402753e-01 1.246313943667892721e-01 2.663910645892447193e-01 3.223535967707205629e-02 2.884526324725768254e-02
3.092049378034406396e-02 2.687064074674470615e-01 3.613257994674932277e-02 2.356813237338377040e-02 2.875098946950369397e-02 5.412636985685688185e-01 3.818297032875583863e-02 3.247472806524753092e-02
3.399242143415801554e-01 8.459780833336694172e-02 4.264159348558046320e-02 1.458515763465929593e-01 8.237250386707267724e-02 1.560849932699790166e-01 1.670487889434140241e-02 1.318224314614863668e-01
1.131572147765575465e-01 3.604978479508915701e-01 3.863084918936209033e-02 1.100668814769437467e-02 2.868644530932092374e-01 1.137821893503111748e-01 2.391940941463501294e-02 5.214134807733903504e-02
5.734404185374287338e-02 5.898638631157127055e-02 4.584466457631120734e-02 3.900768450995314301e-02 3.969194986987242130e-02 6.812945783495147900e-01 2.096490530641947903e-02 5.686578922261491947e-02
3.585897502551506355e-02 8.163498907278786410e-02 3.322733825827896281e-02 2.098746848809815088e-02 4.925953653058841308e-02 7.253848086261019956e-01 2.345030850071239820e-02 3.019657549791721074e-02
2.303809167773959721e-01 8.163903689398800678e-02 4.036839495743212852e-02 2.612371027233673787e-02 2.252170116834548846e-02 5.334889343660345062e-01 2.446197461925086331e-02 4.101533094521627593e-02
4.025698175613429824e-02 1.111243559302105832e-01 3.666974213679314448e-02 1.610438106069568207e-02 3.811649435627297022e-02 6.238530623005031917e-01 2.822152808068128377e-02 1.056534543787087943e-01
2.907042133905048467e-02 1.038489439395950398e-01 6.826940894093867784e-02 1.505061112792321562e-02 2.285793745584379158e-02 4.867469469322568965e-01 2.534590700106142958e-01 2.069666025377760177e-02
4.208789915545696481e-02 1.406554222500550899e-01 3.102428297830048948e-02 2.377850797877759451e-02 1.769437843870414959e-02 6.755581229669372911e-01 4.332330984834094345e-02 2.587807638342750141e-02
1.900586669527474792e-01 9.692314533578320901e-02 3.608972235904866349e-02 4.233335400251800329e-02 1.330926583528601326e-01 4.429898368403786812e-01 2.619684030304409925e-02 3.231577585361973537e-02
4.232778230683136023e-02 1.848954430384054382e-01 2.999346344331378991e-02 1.533540304077827925e-02 2.166677704100409760e-02 6.380510521639172206e-01 2.492682606208865628e-02 4.280325290366123608e-02
3.883230537374302016e-02 6.819185393418239483e-02 3.086352285271290116e-02 5.893179082352721643e-02 1.287771040036166798e-02 7.201110822921679144e-01 4.584151526401128440e-02 2.435021905929367347e-02
2.471647247330992919e-02 1.179402688763394880e-01 3.235802739391569621e-02 1.196555869386018052e-02 7.123676386175459285e-02 6.725923031258804752e-01 4.322756051063916111e-02 2.596304506430046830e-02
4.725065876511956586e-02 8.050484567790597290e-02 3.244707424526946382e-02 4.126166856265826161e-02 2.801166161171234417e-02 6.797224503471739343e-01 5.587426833986470359e-02 3.492737245029601395e-02
5.901116218194910751e-02 7.588265932518867274e-02 3.989669968129644362e-02 3.877177132035920792e-02 2.909166693902928702e-02 6.957900019203128172e-01 2.831650756932522356e-02 3.323953106253926815e-02
3.138210678060870257e-02 1.817644806497227539e-01 3.757603269842221122e-02 2.028611254312394016e-02 4.792861988391534239e-02 6.127177345305093725e-01 4.060946909658147419e-02 2.773544381711615450e-02
4.194943512100590688e-02 7.539252084609537885e-02 4.251697475764685402e-02 4.630776538483390159e-02 3.990668802806629500e-02 6.995755417740125992e-01 3.930366883057587885e-02 1.504740525776324112e-02
3.096474073656611120e-02 9.626242629486907176e-02 4.343412622561855507e-02 2.876567023283312097e-02 1.553749589993998551e-02 7.177151603784357459e-01 3.962158797230399404e-02 2.769879225943346762e-02
7.396689093292778405e-02 8.129393490764601216e-02 3.938726251790366367e-02 4.172768081527215150e-02 1.407557352987381244e-02 6.643458803754216380e-01 5.849011941067507048e-02 2.671265751027982610e-02
2.569829340899264514e-01 5.281239835203944966e-02 5.429326487401844870e-02 5.087734559917840571e-02 6.996055225769325092e-02 4.357679043068642954e-01 1.807397746476783335e-02 6.123162305551188567e-02
3.068809740181836429e-02 8.340192498500409446e-02 4.004020797221850142e-02 3.711951554036610479e-02 3.712251344071586245e-02 7.121042366677178270e-01 3.345323317542218261e-02 2.607027081673707336e-02
1.081061807191118079e-01 8.411694982978495938e-02 9.405191357994836798e-02 2.236033123379258664e-02 1.147812071450998173e-01 2.175275211646670315e-01 2.456496453737301230e-02 3.344909317902222678e-01
3.431657647527769361e-02 1.509555280631877661e-01 2.463464902521952382e-01 2.688129144725146663e-02 4.605523416912991885e-02 4.272156062411618938e-01 3.564420260238431587e-02 3.258507074941165149e-02
5.227876283967395482e-02 8.639880979052096122e-02 3.824983898799512450e-02 2.212344773718739888e-02 2.685487162691650373e-02 7.015954741848835496e-01 4.752306515128695841e-02 2.497572968153552800e-02
2.039419787470759526e-01 9.312941863240530027e-02 4.378098770128482226e-02 2.413071472458996544e-02 2.175978782650649090e-02 5.410487045321230593e-01 2.505797106930755455e-02 4.715043676670685469e-02
1.986102998186872470e-01 8.955185708184811022e-02 3.725484739607768520e-02 2.841420012479481741e-02 4.498824183832697554e-02 5.232735128256523760e-01 3.261705210661155346e-02 4.528998880800123861e-02
1.362766522692871463e-01 4.311940524395103669e-01 3.389787206266834524e-02 1.660608949167011530e-02 1.567080369240224091e-01 1.094605841628766840e-01 2.233894508964343398e-02 9.351776756032138815e-02
5.372584037805640256e-02 1.187865922167282845e-01 3.028267963251266015e-02 1.294751551103207055e-01 2.893762303298888505e-01 2.787589784445206886e-01 4.598235305413955060e-02 5.361217083383289228e-02
5.168520146212200045e-02 6.615216072795900015e-02 4.117175759504059646e-02 3.720316267811077382e-02 2.860486299621020634e-02 7.151377008232302490e-01 3.618132575075662383e-02 2.386382796657069219e-02
4.948524029299435079e-02 1.321365212434273961e-01 5.262373435274642075e-02 1.618289695882671464e-02 1.172279075631430106e-01 5.594902463823810956e-01 2.793332269016104291e-02 4.492013051632003789e-02
3.805681567285259387e-02 8.601108712035418491e-02 7.916953373685109430e-02 2.254152380713047091e-02 3.260766777352543111e-02 4.221164136671980982e-01 2.759184380739394538e-01 4.357852014814866254e-02
2.539144772807495620e-01 6.326444405020337225e-02 4.197087541778887071e-02 5.072705279100125225e-02 3.271909330461579557e-02 4.535936063662063811e-01 7.298611547721774173e-02 3.082433531221698969e-02
9.541569634797431032e-02 2.255040392890472756e-01 3.868864906857737151e-02 3.327825841121714173e-02 5.658166399555633608e-02 4.828410500247939940e-01 3.947723440170264331e-02 2.821340846113085457e-02
1.963871770529621585e-01 8.299769440825366384e-02 3.685903733700310325e-02 2.539654219173360580e-02 3.223580849452876984e-02 2.502962072987827691e-01 4.131991527371178113e-02 3.345076179430241381e-01
3.333994210966906985e-02 7.450889661075972559e-02 4.520268584524484573e-02 4.783033022832685471e-02 1.751602290437268353e-02 7.127294204535755684e-01 4.461933373887509713e-02 2.425336810917623834e-02
2.172794986818593344e-01 7.045265434364957058e-02 4.307451262875425235e-02 3.480996013600960726e-02 2.379669327091113451e-02 5.472626969430567367e-01 2.735114762338844430e-02 3.597283637237104481e-02
3.517457740303489566e-02 1.098488742223567571e-01 4.025583098313138125e-02 2.164962550275910738e-02 3.728232597182302988e-02 6.979777074638856549e-01 2.367485176492066523e-02 3.413620668808848430e-02
5.163132695650390208e-02 8.029587255654220546e-02 1.173349529684829390e-01 3.401533171108162695e-02 3.563724976015893164e-02 6.274513744769719681e-01 2.172820582779583579e-02 3.190568574246263611e-02
3.786675810340184301e-02 9.969258450342720346e-02 3.360158349196558369e-02 3.691988813043731166e-02 3.605164649945687833e-02 6.904743387253823306e-01 3.429256258032707672e-02 3.110063796560165114e-02
8.950936887774582629e-02 5.650229049760090855e-02 5.726379650353948664e-02 3.182063222009837850e-02 4.906603056547387265e-02 6.557272576996846514e-01 3.516944592719046386e-02 2.494117770866653358e-02
6.565312874039691549e-02 9.606489609535882879e-02 4.380103606962787444e-02 2.609433113962105269e-02 2.444169240938868712e-02 6.907970207688127751e-01 2.945258459255791633e-02 2.369531018423587376e-02
3.151697612858323644e-02 9.640683921999676498e-02 4.302817299923554495e-02 3.389483760117855543e-02 1.932968840393869611e-02 7.166864447916895253e-01 3.426044810928888240e-02 2.487659274608889151e-02
5.119664924925693833e-02 5.763587577809674289e-02 3.634401753494738430e-02 9.026484691064745602e-02 2.023407048083676954e-02 6.768158952574847564e-01 3.620585743776841281e-02 3.130278735096156395e-02
1.585178349457087299e-01 6.229708838669919396e-02 3.816876591648729611e-02 4.886881864165880385e-02 2.495054232490358931e-02 6.047702732387749691e-01 3.764373315336422970e-02 2.478294339240319846e-02
3.271223660323591687e-01 1.401061892220413496e-01 4.261409163895620023e-02 2.102202243367047238e-02 1.267521884085686355e-02 3.010919995120379666e-01 1.106262133077628301e-01 4.474189901231517830e-02
2.602091917740396165e-01 8.326762679570365311e-02 3.461172261403289846e-02 2.729959089647127773e-02 2.867749336190473716e-02 5.062538337072066685e-01 4.017087148257300622e-02 1.950966936806811797e-02
2.943699220279755169e-01 9.438887158050796033e-02 3.157001133801800447e-02 5.036280359453054745e-02 1.136569988814321690e-02 4.454151788686412927e-01 2.587158883214100286e-02 4.665592387004243585e-02
1.623119345172286954e-01 7.780748427764583308e-02 7.969626319808670312e-02 2.945573330359215966e-02 3.561946996230701962e-02 3.496887194347976791e-01 3.683382012659031784e-02 2.285865751797515610e-01
4.021227661797852765e-02 8.361578277288489458e-02 7.404501572722611835e-02 2.961466331632520502e-02 2.200495090750672136e-02 6.812754382131268605e-01 2.242273790959018603e-02 4.680913453536154900e-02
1.119602085574572942e-01 1.196814612092453045e-01 2.896865455173602832e-02 1.866575135486320258e-02 1.969133043398505617e-02 5.896924970384626041e-01 4.322009973474110617e-02 6.811999711950944558e-02
4.950239952561520662e-02 6.052261773019673025e-02 2.369610888705564189e-01 5.988195339252404270e-02 6.497582412012835318e-02 2.672030386323690498e-01 2.325558010543656851e-01 2.839727667424447183e-02
3.563336904469235344e-01 9.493459740539546277e-02 3.461995329616138206e-02 2.415110598729289931e-02 2.778687603206384318e-02 3.937628035474405319e-01 2.535806000249735820e-02 4.305291328222493608e-02
3.810319995418388062e-01 7.312257940945614265e-02 4.623981262465834408e-02 4.362476422637450585e-02 6.561982422278013483e-02 2.546797768328238343e-01 1.154961841959173674e-01 2.018505894615083701e-02
1.462216843579112746e-01 9.737564455536590335e-02 3.865030837947652093e-02 2.131526751370704797e-02 5.523584530717826763e-02 5.852484932226239556e-01 2.521467036790296309e-02 3.073808629583409807e-02
4.525282537478225731e-02 7.440011241258244479e-02 3.772102865057400112e-02 3.124868708688239780e-02 2.821969037681405085e-02 7.194771955523497908e-01 2.663529711557866692e-02 3.704516343043637305e-02
2.229310930944777280e-01 6.883349804524216409e-02 3.995491658050683015e-02 1.117725523807086979e-01 1.786238583731386553e-01 3.163267364940480220e-01 3.713418959081905141e-02 2.442315544105879560e-02
3.543193034881372827e-02 1.247498220273696307e-01 1.122760289433584746e-01 3.878738618539165350e-02 6.089638561809863904e-02 3.424664416046979132e-01 1.537619334416252467e-02 2.700158119281074742e-01
5.206073499970367141e-02 3.126939805090722668e-01 3.510920289624927526e-02 1.666142955603062276e-02 1.422641479263903400e-02 4.977862051683011879e-01 3.893464598463044352e-02 3.252738609337355036e-02
3.785705166034504243e-01 6.734391933646011186e-02 4.063743959798568617e-02 5.037386823438479155e-02 1.999511052123967292e-02 3.827370009255476324e-01 3.790325455100727881e-02 2.243889022992445748e-02
9.683578852879923260e-02 7.266054931442199327e-02 3.321690024041337730e-02 3.459723919836440315e-02 6.510324405133634251e-02 4.062883617541546144e-01 2.724194767213036772e-01 1.887844019120635958e-02
2.503354664547329314e-02 9.300227737608073031e-02 1.008437345484106129e-01 3.196768296561033895e-02 3.300402131458208405e-02 6.226438700034772067e-01 2.873599238617461152e-02 6.476887476019121959e-02
1.445277753299770707e-01 8.487364343378929477e-02 4.137550002247505215e-02 2.533561978700786185e-02 2.041791771385751547e-02 6.137447496916660361e-01 2.684597435181220598e-02 4.287881966941500117e-02
3.771784915923093867e-02 2.548247582730601146e-01 3.023689718563137008e-02 2.364047265622293281e-02 1.021148588655505368e-01 4.668651987134799231e-01 3.244364182014287251e-02 5.215632332668133919e-02
2.611951543420142768e-02 1.779781267402969214e-01 3.327382268838784130e-02 2.332893292471548835e-02 3.102781720944952984e-02 6.434418504125418714e-01 2.454556421206909034e-02 4.028437037833793727e-02
3.373783229602944633e-02 9.555817034075148042e-02 3.952659907439718540e-02 4.440733217837388586e-02 2.024558144033356336e-02 7.066068016519886363e-01 2.539011310909250127e-02 3.452756990903321777e-02
5.664013720170916338e-02 6.281833447563273110e-02 4.119696321808473394e-02 2.367990841844444874e-02 1.023899682382728160e-01 6.147269551299517909e-01 5.185654738303223377e-02 4.669118593487212726e-02
3.021766976750792436e-02 1.039836525624555502e-01 8.453588906801086378e-02 1.331339137147474760e-02 6.953496668566257199e-02 5.555225496159134080e-01 1.104814568018676751e-01 3.241042412710725545e-02
1.532549742744182819e-01 6.820490028696446494e-02 3.669490994860803018e-02 1.978061741784284053e-02 3.512608690005731421e-02 6.111600591795356419e-01 4.001817689270224798e-02 3.576027509987126513e-02
3.390843015822488787e-02 9.206582216888092862e-02 4.499693352814806979e-02 1.747650517229125747e-02 2.402212223338179645e-02 7.189738862883772175e-01 2.426516963750891334e-02 4.429113081318700879e-02
4.775702947825170852e-02 1.082944333577981200e-01 3.858184421015425219e-02 2.102136552133743175e-02 2.148744529762535577e-02 6.906949489631610817e-01 4.126930855614295568e-02 3.089362461552906669e-02
4.854403700740237554e-02 8.831473197007280729e-02 8.232273467197757932e-02 2.984085418985435792e-02 2.515236698883028740e-02 5.406240500993142462e-01 4.286017934098759752e-02 1.423410457315608113e-01
4.321804398661878432e-02 7.071938941636417286e-02 4.138098379909896374e-02 4.203403202605568434e-02 5.992947814692659719e-02 6.741532832801424568e-01 4.519782454144374156e-02 2.336696480334967546e-02
3.702497757429303038e-02 9.839471250852850626e-02 3.743923086279902362e-02 2.821915441460310855e-02 1.994653302757754335e-02 7.194541845153368254e-01 2.518904944300601537e-02 3.433215765385594365e-02
4.063186361324264834e-02 1.358885908429338651e-01 2.278117142941661344e-01 5.716629325293435399e-02 1.482031634559195232e-01 1.388746659177647613e-01 1.786845503957146253e-01 7.273915822732403280e-02
3.945956368347040832e-02 2.519102244808413826e-01 3.151460239753844234e-02 1.379826034335186573e-02 9.598837009113893315e-02 1.571676558910196642e-01 2.690075228336155297e-02 3.832605708292778357e-01
2.256277570926439602e-01 5.817278337138837713e-02 6.493828049497502031e-02 4.547824143764590127e-02 5.446488241975690897e-02 4.969238837648190521e-01 2.499892674254906161e-02 2.939524467622181905e-02
3.194866872138638764e-02 1.085787695487775567e-01 3.318253348208709264e-02 2.356734079427080103e-02 4.616583343339053513e-02 6.815715026798961906e-01 3.724021561088010357e-02 3.774513572931139510e-02
5.763047864741396853e-02 8.040794475347645687e-02 5.305416728012640748e-02 3.451737056966210776e-02 1.154096947272348177e-02 6.992140829693475057e-01 3.479412547096050884e-02 2.884086083628954397e-02
4.062857013704360143e-02 8.832256795124159010e-02 2.181450770076381884e-01 1.837490428968051870e-01 1.522835710615384197e-01 2.247030069572584221e-01 3.679037799097070738e-02 5.537778599750382141e-02
3.288774539500688432e-01 6.189402245270080732e-02 4.002224617480446694e-02 5.119711512290266858e-02 1.475926816008570619e-01 2.418533231006718132e-01 4.983835016393188544e-02 7.872480743406248815e-02
3.296896222889229150e-02 5.482399464711686099e-02 6.500687561610034304e-02 5.390520157667075263e-02 3.013889288983053263e-02 7.044712834791193590e-01 2.500429013664426728e-02 3.368049942562553051e-02
3.209991729042239728e-01 1.040113910804745800e-01 4.097124562553616095e-02 1.954335040073084534e-02 1.941248094303874711e-02 2.866261768968614287e-01 2.974053218733357234e-02 1.786956499618006511e-01
1.990056096520352036e-01 8.433095032790922929e-02 3.176446416873674600e-02 2.934748089070628174e-02 4.635775000916574767e-02 5.420761911899862895e-01 2.914743545908782610e-02 3.797011830237276286e-02
5.007915655095177693e-02 7.310789639528071648e-02 4.203808566315051648e-02 3.731499131169260103e-02 2.114497433073915175e-02 7.094005515863355260e-01 3.906704564074853225e-02 2.784729852110131090e-02
3.569183149867898724e-02 7.900596076017894764e-02 3.854090625941010428e-02 3.786124642690689990e-02 2.264913049775712020e-02 7.230307412020055002e-01 3.069207942194683916e-02 3.252810393311570542e-02
4.850655153738290398e-02 2.305867205518408736e-01 3.969672208723182272e-02 3.108749600844151056e-02 1.261552611361966940e-02 5.552507034326885638e-01 3.732473223432294929e-02 4.493154803447182294e-02
2.934298735065653599e-02 1.708871513933532815e-01 4.608503379162797592e-02 1.761398218014898626e-02 8.100945626936445487e-02 5.804433754589337635e-01 4.301703727240177577e-02 3.160097628351320187e-02
3.050118438503152674e-01 9.995879598568996327e-02 3.592249485565763428e-02 1.712900945853361445e-02 6.108369614085583377e-02 1.920122677016807833e-01 3.191584946403511897e-02 2.569660425432317985e-01
2.544437333236432286e-01 3.717485227556320548e-02 4.307218722701910973e-02 4.943646245468241718e-02 3.343575544223628682e-02 4.597899756748529687e-01 1.003804240019082472e-01 2.226660960009455015e-02
3.714887820352503339e-02 7.692291271585730006e-02 4.011689133005907210e-02 4.265306044798417712e-02 3.046230810581765716e-02 6.939475024743373410e-01 5.146414272207441853e-02 2.728430400034504225e-02
6.027986322166480754e-02 9.245557120165784348e-02 7.964634448695687152e-02 2.796503530453126746e-02 5.954772850269885592e-02 3.604038214098934656e-01 2.731246965002638305e-01 4.657693937233312043e-02
3.276057346160121675e-02 8.580010179990395225e-02 3.711226924867220417e-02 1.862879851434752487e-02 9.122211239667848970e-02 6.689220632847981962e-01 3.981568395310634834e-02 2.573839734089215098e-02
6.116197722823937116e-02 1.209338169361054566e-01 3.975774677597198464e-02 2.394324391506419750e-02 2.306014274096042371e-02 6.678390750009279841e-01 4.023595719849609037e-02 2.306804020423445720e-02
4.488147801605489595e-02 3.300674529176705341e-01 3.475427591813236988e-02 1.339622964276919112e-02 1.830219954919070358e-01 3.211594438684586827e-01 3.368858281086408585e-02 3.903054133414321503e-02
3.887870748614263156e-02 8.643981286807646269e-02 1.616197122857847279e-01 1.583130877542859513e-02 1.795473486380471176e-02 6.068581967355775042e-01 3.840976649531805537e-02 3.400776048986735300e-02
3.129206027598122053e-02 1.144374748814146608e-01 3.556639486558951097e-02 1.812569948064880754e-02 2.687656415399629004e-02 7.093204305643826535e-01 4.337736315695384787e-02 2.100401262103295322e-02
3.641903511375968461e-02 9.711615787022317980e-02 3.987111645053691839e-02 1.514076107189168616e-02 2.593057733076185173e-02 7.230427194778535904e-01 3.726178216343731253e-02 2.521785052153588391e-02
2.835360131599957631e-02 2.149350503377688848e-01 3.488526216978964783e-02 1.389834500578729197e-02 7.148105676314203683e-02 5.600661984249969416e-01 3.210181584806647698e-02 4.427867013444913152e-02
3.131725157197607495e-02 8.321746037115154704e-02 3.909648783239198788e-02 3.905544826791683410e-02 1.817243970106975637e-02 7.237805435415668454e-01 3.708205275402891993e-02 2.827831595989805172e-02
3.281502299755458679e-02 7.573644827718803429e-02 5.588529661216780353e-02 3.059556162377596172e-02 2.354850070037951132e-02 7.191382580933511903e-01 2.007154742150330656e-02 4.220936427407969566e-02
3.229419689096799106e-01 9.419438839928996610e-02 4.681347977836840257e-02 8.594353909911059408e-02 1.566093917202244223e-01 2.260715594197665324e-01 2.737988163441468226e-02 4.004579103914539251e-02
5.977682708211588120e-02 7.849751715324890244e-02 3.051963027290224145e-02 2.670078696889490594e-02 1.853269379267714206e-02 7.201206660971337659e-01 3.185368518534545390e-02 3.399819344768163082e-02
6.032149875060602295e-02 3.515250160676064994e-01 3.249342046927466976e-02 1.869815195664378815e-02 1.122637093945569875e-01 2.030460656153634524e-01 5.604443134721934922e-02 1.656077063987291265e-01
3.056527928132686533e-02 3.553570091691193866e-01 3.339158489018164561e-02 1.365265643514334583e-02 2.431421668183332899e-02 4.735345434572269530e-01 3.150758033907180566e-02 3.767712974609661869e-02
2.287696087625487040e-01 9.856746448860664866e-02 3.760770217898339735e-02 1.879127000640817488e-02 2.702103765162562274e-02 3.913051769538836711e-01 1.501609512828425141e-01 4.777678867510133653e-02
1.156534447148345884e-01 7.462024088594582105e-02 4.162640100039081276e-02 7.131448644749596721e-02 9.201030145773933522e-02 4.210817808072809254e-01 2.205580398585686025e-02 1.616375407004556619e-01
4.157224788293825690e-02 6.954921879335276835e-02 1.386124408076198633e-01 1.246729442075504846e-01 3.687011121692180815e-01 1.978304044140316853e-01 3.089555972286603044e-02 2.816607200242282963e-02
4.471557833385857855e-02 1.217269394163069118e-01 3.667606508562550743e-02 1.226995446877741924e-02 1.497145138525018439e-02 6.984699894917751894e-01 2.995535216451886834e-02 4.121466965388725923e-02
4.001161271221206212e-02 1.004964571845771565e-01 3.359731125976915533e-02 4.232834691073843886e-02 1.356208261135986859e-02 7.146379028501987918e-01 3.059379961153187513e-02 2.477248685961257191e-02
1.237597536770152079e-01 9.921150826019625724e-02 4.197693834334715463e-02 1.268094364048235126e-02 2.414376192609540145e-02 6.372354443907913835e-01 3.657902193100818350e-02 2.441262783106411954e-02
1.390146773310879380e-01 1.838705708048327392e-01 4.139619585879433794e-02 3.360781196057169989e-02 5.118076095051658780e-02 1.856880609007096616e-01 1.639867665263000304e-02 3.488432455408570498e-01
3.890870735259070456e-01 5.909512123262192218e-02 5.933307282603883515e-02 1.278004267297907712e-02 5.012330172957989161e-02 3.594152807081096301e-01 2.875770324748765788e-02 4.140840405727587437e-02
3.151408398609440581e-02 1.035679425040083590e-01 3.688796505705300988e-02 3.825065145230958225e-02 1.844976331109461284e-02 6.972199827873259981e-01 3.557853329416535426e-02 3.853107760794870218e-02
3.360549259367300728e-02 1.055000523912757032e-01 5.593827601477255329e-02 2.435578995409225234e-02 2.271730720913559681e-02 5.669160449839411031e-01 4.835287448817003619e-02 1.426141623649397339e-01
2.739080000844361096e-01 6.411635179889718650e-02 8.149736153273624828e-02 4.197511342995299127e-02 2.358386246394416491e-02 4.508059743377281769e-01 2.583967789663912246e-02 3.827365845566608332e-02
2.596325469977820918e-02 2.390943777777884138e-01 3.207173081108720403e-02 4.533302091087062363e-02 2.003641312739395941e-01 3.985478068219922565e-01 2.744294523357971444e-02 3.118273247096400164e-02
7.965038254619968838e-02 6.477562041721675323e-02 3.395140043390974111e-02 4.721256888801866197e-02 2.883950912308727230e-02 6.764175617923239292e-01 3.256914087690609277e-02 3.658381592233771878e-02
2.715123441778656277e-01 8.206492477236858318e-02 3.263218718592552497e-02 3.297401541626741872e-02 1.259278541262872642e-01 3.627241872449875615e-01 4.357279744969204394e-02 4.859168962660589952e-02
4.218399136662173005e-02 1.085210835511912081e-01 4.131157882843376761e-02 2.953107017938368800e-02 4.144642966122226435e-02 6.701931282679427504e-01 2.484288156830233643e-02 4.196983657690230712e-02
4.465224195893137404e-02 7.800877248498822025e-02 2.992534009110312671e-02 4.703631849071537169e-02 1.496121848515586696e-02 7.199317408164722654e-01 3.230021376591308419e-02 3.318415390672059540e-02
4.318541470436548096e-02 1.028410595689461943e-01 3.577253739302263535e-02 2.269768757050927982e-02 1.445942019245417820e-02 7.141075102622218562e-01 3.571789322256973404e-02 3.121847708591066195e-02
6.928142774835109596e-02 9.286203090263855930e-02 3.765938849786805431e-02 2.361111588167968262e-02 1.609395855365292408e-02 6.900544744538504860e-01 3.595078694386064783e-02 3.448681701809853950e-02
4.636484348882408818e-02 1.236699772061869151e-01 3.373129552017817973e-02 1.911587191217416215e-02 1.402222539676911336e-02 7.014500806541865696e-01 3.601857336704340773e-02 2.562713245463738368e-02
2.213205050267133822e-01 1.215761209607211929e-01 4.545703630629616132e-02 2.055435494977474534e-02 6.136020525649468760e-02 1.977246708239152329e-01 2.946131145051719691e-01 3.739399217091255584e-02
2.036056893622318897e-01 6.190529089043628197e-02 3.502103213612956650e-02 5.745107114783310626e-02 2.285452111356168700e-02 5.541250841470393151e-01 3.554838515432553331e-02 2.948892604844254375e-02
4.195636127523102304e-02 2.967474444767489450e-01 3.661721514116650367e-02 2.036876109637337021e-02 2.634884392070742376e-02 4.979733412712220031e-01 5.388352273844998486e-02 2.610451008010069088e-02
2.799888454380076719e-01 7.938661542943664662e-02 4.655228005846914763e-02 2.585046904506184406e-02 1.867515927006353424e-02 4.839456358568343108e-01 2.570322268941190383e-02 3.989777221271494784e-02
3.953207064383343350e-01 5.087842755127299638e-02 5.335172496670405329e-02 5.098651491202227382e-02 7.889423828048290621e-02 3.151286129328226271e-01 2.861301796872766159e-02 2.682675694963324031e-02
4.264494741956411511e-02 2.705524980856655604e-01 2.325738493478951563e-01 2.909715623269914023e-02 2.343343163884384905e-01 1.071294804495021707e-01 4.413874976404834338e-02 3.952900231218697130e-02
2.892393982722770568e-02 7.192588744306589732e-02 3.323825604463413047e-02 5.305044031308638747e-02 2.536397381971406892e-02 7.200981463623503664e-01 2.809143887781729784e-02 3.930791731210425688e-02
3.384683744854075776e-02 7.134665303130913183e-02 3.383611602833271753e-02 6.113781355039542981e-02 1.418726702132943121e-02 7.158994809133193415e-01 2.606276943602647486e-02 4.368306257074656973e-02
3.457401097155234915e-01 9.477458845255251618e-02 3.614924309253967488e-02 1.318229468642533736e-02 2.413625718695263170e-02 3.923936859473820538e-01 6.685568835168639867e-02 2.676813256693789250e-02
