Teff dnu02_median dnu02_slope r_sep02_median r_sep02_slope r_avg01_median r_avg01_slope r_avg10_median r_avg10_slope
6.274185925417863352e-02 5.612648913299132097e-02 6.299472880820874976e-02 6.941673130962185134e-02 1.003942006962413869e-01 9.144861646056585969e-02 1.101318886676745518e-01 1.528732299250748494e-01 2.938722557454427342e-01
6.671062319279481845e-02 6.077364759045238846e-02 6.574139469041753725e-02 7.065412088366329613e-02 1.044892029131504751e-01 9.592034098533390452e-02 8.888756488031485103e-02 1.523771430749661093e-01 2.944459617889066960e-01
6.208460773096426133e-02 6.305933465639290691e-02 6.725940431218573046e-02 6.578125294400065382e-02 8.885578956902767667e-02 7.777427480739095011e-02 1.083904590578697313e-01 1.693360443725361320e-01 2.974588325496319574e-01
6.007852022809151427e-02 6.108044466734333794e-02 7.254770143047463427e-02 8.231979134526827557e-02 8.719621279430896099e-02 1.008582978510775552e-01 8.120218438423999763e-02 1.564429522512733040e-01 2.982738950479223439e-01
5.161141132646623886e-02 7.319705584144886590e-02 6.795495928456637968e-02 6.748347227998086062e-02 1.178693019403047604e-01 9.432691392975064981e-02 1.173549754045865173e-01 1.423285943726919078e-01 2.678733156202038890e-01
7.343122016672036512e-02 5.952518320621804498e-02 6.213104453355670215e-02 8.962065040365135848e-02 6.701024560917426265e-02 1.003265626735489885e-01 8.246290236855746691e-02 1.546452868697303640e-01 3.108469041688423640e-01
5.975119359446873224e-02 6.082598680420708837e-02 6.877995755724679305e-02 6.372627219158653877e-02 9.186151809952708414e-02 9.431016868302924405e-02 1.012731524902850538e-01 1.648668118132648741e-01 2.946049387663846608e-01
5.975464121337003415e-02 5.926984023949199987e-02 7.150150792319655280e-02 5.914963388863586635e-02 1.105868218787142282e-01 1.057815326980235116e-01 7.215452787366936904e-02 1.639495275693869936e-01 2.978519667155113959e-01
6.796364453142773876e-02 5.862543998844844256e-02 6.450752929113402756e-02 8.905956486793327465e-02 6.766234357623825135e-02 9.401247896793896164e-02 1.112851585964180767e-01 1.647974817203079478e-01 2.820863584601533414e-01
6.017175136518390643e-02 7.401096551169281113e-02 6.851283237424558858e-02 9.649810608268544199e-02 6.573019846791429421e-02 1.099667668292441669e-01 8.196511055053919137e-02 1.384424403700299788e-01 3.047018284484645512e-01
6.970248177177626459e-02 5.863845453573292288e-02 6.878183162796089323e-02 9.443765980740896626e-02 6.992637681357546930e-02 9.511453903133143539e-02 8.800175272172448826e-02 1.584834714665720179e-01 2.969134322239174728e-01
6.217190281092984522e-02 5.895220899088111921e-02 7.366440011775858554e-02 6.922609778194235841e-02 7.580012787631476567e-02 9.649939387079199682e-02 9.527380187657295829e-02 1.652564145780850702e-01 3.031556520967234047e-01
5.330782685140429689e-02 7.984215950248509108e-02 6.440827451791254765e-02 6.624270418563631135e-02 9.856231693980560538e-02 9.554102282992310569e-02 7.663833650576572232e-02 1.637485363468542954e-01 3.017088223202130104e-01
6.172874531560809674e-02 5.888714544974640169e-02 6.793656890065086218e-02 7.145164176160719027e-02 8.366242826795568244e-02 1.023630593848867537e-01 1.050957976510147329e-01 1.582860254376232401e-01 2.905885878309069636e-01
6.038111295714587018e-02 6.330465497363364780e-02 6.914096544996205240e-02 6.963663941445578931e-02 9.606283005754309712e-02 9.122348868757385043e-02 1.042777720534700803e-01 1.471258474928150983e-01 2.988466889134003823e-01
6.191020858723533804e-02 6.226594746652189954e-02 6.528472307304579447e-02 6.495197491006178547e-02 9.574619851990753827e-02 9.203855202564960314e-02 8.536291839292790840e-02 1.671197984646359269e-01 3.053196785600141849e-01
5.631131131008269147e-02 6.248771140894529563e-02 6.782950128449924398e-02 7.361657403310066516e-02 7.720468708217860521e-02 9.203492659266854226e-02 1.004364447318760317e-01 1.646089751813199220e-01 3.054698683753289123e-01
7.424639098404381410e-02 6.629550461204457290e-02 6.889854948867733808e-02 6.492860455493455751e-02 7.385060706329864277e-02 9.982565213366040302e-02 1.197264482083303799e-01 1.628843958767902389e-01 2.693438470782201777e-01
6.027843502471932902e-02 5.742351124387594374e-02 7.352840718179388946e-02 8.176116914230105448e-02 9.161971312016999047e-02 9.754822791028115725e-02 9.732584914699346501e-02 1.531924929473013619e-01 2.873221942825637809e-01
5.871203760717252224e-02 6.046353707421789347e-02 6.838188274516934784e-02 1.128426240886045706e-01 6.647065191240909832e-02 9.234052624068360415e-02 9.129023594055259150e-02 1.714625562435222184e-01 2.780359481476681327e-01
6.096230413055991892e-02 6.582488382214544964e-02 7.097194050278594901e-02 6.543083938176914860e-02 8.848309468289185242e-02 9.743734159557464192e-02 8.954619782182245136e-02 1.642173215780369788e-01 2.971260764844135815e-01
5.525708638274808016e-02 5.814071103985906513e-02 7.288501714890376071e-02 7.988580209139045651e-02 7.179158990620021497e-02 1.011046577816567815e-01 1.127633208774018320e-01 1.607382100635556810e-01 2.874336047082842183e-01
5.056031511314582061e-02 6.610362848348902420e-02 6.486684117249966186e-02 7.231892540816600712e-02 7.897761112045684206e-02 9.476976323976696315e-02 8.561115652788620078e-02 1.707328935127533642e-01 3.160588654218360327e-01
5.697425198675812319e-02 6.654809489967418445e-02 7.400286345795548115e-02 6.921064366738852169e-02 7.297299025968441433e-02 9.188348803022390598e-02 1.171272831361684363e-01 1.657011966424978000e-01 2.855791879196491467e-01
6.279920757324711222e-02 6.816606966844690474e-02 7.561441399359700166e-02 8.100366822312773940e-02 6.532025652224049406e-02 8.933403736491368763e-02 1.570636860685159508e-01 1.591552193516576064e-01 2.415434412342534753e-01
5.453609354524668190e-02 6.313447108369217575e-02 6.578418710054532992e-02 9.282752029035405694e-02 6.938562268629357155e-02 8.876079231866000618e-02 9.443145622149043406e-02 1.738404192961933992e-01 2.972994374575243515e-01
6.369119696108239970e-02 5.897142025816583255e-02 7.584542118905313046e-02 8.128413465363429347e-02 7.325725235079755260e-02 9.719470054675917459e-02 9.221240069334506184e-02 1.569286635075161362e-01 3.006148098396463908e-01
6.129441357090707754e-02 5.577473290362927605e-02 6.790951098314779166e-02 6.504018134061105572e-02 1.003904122631474050e-01 9.141640591088383283e-02 1.404479973414367311e-01 1.691553918440127924e-01 2.485709538422240517e-01
5.838996009081882932e-02 6.406191990157894534e-02 7.408739358925062191e-02 1.028029892135272072e-01 6.048640592590958515e-02 9.609064656675692095e-02 8.631249619231443071e-02 1.643027209948639822e-01 2.934654675249795397e-01
7.085046333268110730e-02 6.113066837817655863e-02 6.735582567771467022e-02 8.361686598468788534e-02 1.010759279749319645e-01 1.007982119434332191e-01 8.533963608859609917e-02 1.493408732022036278e-01 2.804915274175748263e-01
5.711080865587642857e-02 6.608696472091683816e-02 6.762351091238474887e-02 7.043073586501054362e-02 7.556250670230203748e-02 1.030059315602070841e-01 1.094696046812907025e-01 1.580308549740076507e-01 2.926790819280039591e-01
7.084204207697815392e-02 5.920288243788713461e-02 6.400390113553482141e-02 6.836536094444628509e-02 1.065993866770326287e-01 9.802997550139461169e-02 8.969427619797488982e-02 1.470552200585654168e-01 2.962069549701860094e-01
6.679671089711340659e-02 5.321054826519620862e-02 7.300312821558084531e-02 7.829684439793815898e-02 7.690256802388945045e-02 8.916601969277219986e-02 1.546829241998587956e-01 1.689712384828533087e-01 2.389700178247976259e-01
6.515028610559842059e-02 5.963544241275932356e-02 8.412569637337843909e-02 1.279313215296297435e-01 6.037607099450032627e-02 8.697455246531421436e-02 8.121214815895846928e-02 1.377104397450934492e-01 2.968840422147676628e-01
6.286569854529136525e-02 5.971603309462199943e-02 6.429879660272661002e-02 8.437611198558062076e-02 6.772809812247167216e-02 1.113960853413565599e-01 1.024842898611390135e-01 1.630383165423088532e-01 2.840965699045032711e-01
6.937606678141962357e-02 6.296084527350111204e-02 6.072119257443449325e-02 8.797337327430745924e-02 6.712458824627258458e-02 1.007485462035073720e-01 9.955093408954060474e-02 1.560617130313538270e-01 2.954827405256628681e-01
6.334683665261903185e-02 5.868389399526676570e-02 7.056127191469638293e-02 6.938755305827019881e-02 7.807268171436908266e-02 9.025418993702810644e-02 9.989195950388204959e-02 1.742532770138575104e-01 2.955483362100108646e-01
6.259064483395221368e-02 8.055240047577091889e-02 6.372620864976763499e-02 7.703893804159284153e-02 8.393785736404178743e-02 1.076337589703996317e-01 8.048785343903418210e-02 1.484252913720844058e-01 2.956070468533562590e-01
5.384249946305484646e-02 7.071873865239969303e-02 5.698000613713773144e-02 9.609007365818623969e-02 6.187626928827212602e-02 1.018285448620457195e-01 1.332153190606657212e-01 1.527945317404501846e-01 2.726540171377877519e-01
6.581048402464088898e-02 5.269535497994148887e-02 8.152030108072935710e-02 6.404606085022850059e-02 7.907110623894959833e-02 9.671193710829061041e-02 1.074118827312292301e-01 1.578611795995370493e-01 2.948716933864533596e-01
6.339895010253439323e-02 6.715987210429910648e-02 6.798611680227575893e-02 7.075684782564450881e-02 7.853151478417003117e-02 9.651649674792998901e-02 8.629868519144789918e-02 1.557616644169493580e-01 3.135898520247489829e-01
6.525986390596631714e-02 6.190028631462683728e-02 7.583726365059399732e-02 6.794404085704715268e-02 8.120909648147846271e-02 8.963364624839077754e-02 1.266552415021263978e-01 1.617968180583531923e-01 2.697637429814168653e-01
7.322681168133994556e-02 6.332463925322821818e-02 9.210489650455438992e-02 7.210998471361398932e-02 8.142450023505602708e-02 9.955804012982856499e-02 8.629799590722669889e-02 1.349922124111702371e-01 2.969609191639819845e-01
7.959634463105488833e-02 5.620928614321450689e-02 8.408656693748364774e-02 6.922373086227434635e-02 9.762857934063773335e-02 9.689391629539606532e-02 1.011415951613619801e-01 1.282687423051178388e-01 2.869512383234589237e-01
7.479366862762236445e-02 6.069484578488684029e-02 6.626060096010256972e-02 7.011279909214535033e-02 7.550365288724295021e-02 9.662906906241167104e-02 1.198431867496546066e-01 1.619410244287426692e-01 2.742211524071909712e-01
5.943736682249868564e-02 6.176748332595057706e-02 6.840038467472872585e-02 8.895162435906477094e-02 8.113288321096284728e-02 9.749374489434445290e-02 9.234273938588410946e-02 1.602776085433300080e-01 2.901961647832358437e-01
6.215400569485491494e-02 7.133959113892747450e-02 6.075747914417554268e-02 6.491141437896119637e-02 1.012645927905779508e-01 9.521296552556302029e-02 1.359953988669187763e-01 1.479661655003057241e-01 2.603983869597152889e-01
6.872028047238373794e-02 6.044958311360281583e-02 6.040369186458201256e-02 6.884557598607042583e-02 8.083725718341647215e-02 1.070063801235257572e-01 9.415844257127085892e-02 1.605079321462049569e-01 2.990708565389429419e-01
6.781628027132144410e-02 6.138185219947524252e-02 6.103442110458275754e-02 6.510351331562140575e-02 1.095603654814105016e-01 1.016412373435243710e-01 9.649884696218637148e-02 1.429503554665434162e-01 2.940131278553344552e-01
6.197911792325492414e-02 6.225215881269590551e-02 7.228916530302821608e-02 7.733449170075588908e-02 7.026341156884284567e-02 9.389055079977742801e-02 1.108388834154963865e-01 1.564633868751867107e-01 2.946888336009617637e-01
5.776016743066903630e-02 5.793571714644784459e-02 7.652924137427566387e-02 7.403252584983156803e-02 6.650534111764683232e-02 8.536430071185976964e-02 9.785943052789319863e-02 1.744766780451227906e-01 3.095365977962531434e-01
6.972981934893798805e-02 5.654871211327438391e-02 8.219870970082146511e-02 6.537609360263911540e-02 9.015747478188777808e-02 9.597660942570876430e-02 8.340946448998566576e-02 1.593527698628900147e-01 2.972503466738547484e-01
6.686025756684807475e-02 5.758822933485679280e-02 7.599453327637482880e-02 6.545155586060331931e-02 7.800801422147453368e-02 1.078318887530840542e-01 8.939281368793129678e-02 1.639969413937319431e-01 2.948757659050950664e-01
5.621615638236204110e-02 6.259425351995603903e-02 6.301507235383808914e-02 6.701526560256265697e-02 1.135779245473279991e-01 1.014018098759895542e-01 8.259350914567287205e-02 1.673290232527145371e-01 2.862569853195760516e-01
6.709499086222030229e-02 6.566785422387730331e-02 6.214863703344149920e-02 6.768822482054225043e-02 9.332524054148756687e-02 9.617196284580296906e-02 9.160169127811174095e-02 1.568596213734516631e-01 2.994417770210646146e-01
6.360047623636305714e-02 6.439713802311604340e-02 6.326419391081626598e-02 7.927405303912342382e-02 7.293076754803233530e-02 1.062675457390714201e-01 9.498112927068662337e-02 1.562760852457754368e-01 2.990086109870153108e-01
6.908398889275918497e-02 6.301711919947693141e-02 7.283385330806366187e-02 6.598347652930657004e-02 8.620462243536260172e-02 8.741213915151935243e-02 8.768292431988768121e-02 1.680606447241926871e-01 2.997212314394312460e-01
6.592430915136406055e-02 5.798440907937547212e-02 8.339227218917254214e-02 7.208688077155001039e-02 1.034503956136002406e-01 8.239828786520438098e-02 1.019150967849625777e-01 1.436460281576374398e-01 2.892023203871333381e-01
9.447759890275103656e-02 5.465235085307970642e-02 6.452151917081787313e-02 1.042118180727368143e-01 6.910066969148952187e-02 1.166504130963395142e-01 1.336385247738195725e-01 1.105703285628077126e-01 2.521767768761582484e-01
6.418618711303623880e-02 5.860959984884998170e-02 6.470763203547699738e-02 9.246226251077652170e-02 7.273434749031956748e-02 8.793079945963712396e-02 1.065444604454095917e-01 1.644187566540617207e-01 2.884059544424323329e-01
5.878195473633596180e-02 6.005325272091011773e-02 6.677088122428519179e-02 7.172209190281950142e-02 7.315329289495424436e-02 8.773068842289132030e-02 1.482340324345999827e-01 1.839190466272612456e-01 2.496347590359424828e-01
5.385429751918101304e-02 7.170762770382606288e-02 8.174083681092711440e-02 1.126077807568982153e-01 6.032150749818330354e-02 9.649062724681617409e-02 7.640731334893954840e-02 1.478223695842732499e-01 2.990476395309553115e-01
6.091863332863912267e-02 5.721272495347466680e-02 6.952393152410438204e-02 9.528796497863065151e-02 7.366169041437357901e-02 9.656622423264667188e-02 1.011912546599121610e-01 1.449692817462883976e-01 3.006682941619303606e-01
5.784981348001232149e-02 6.714710453157210490e-02 8.195015042565344243e-02 7.179231548443151811e-02 7.081849724587284400e-02 9.778241354042484235e-02 1.450456929523218363e-01 1.686082551261457174e-01 2.390057572135653452e-01
6.227896166728052324e-02 6.668710214135795122e-02 6.765866289688070301e-02 8.851383312352173460e-02 7.461085720942817190e-02 1.033008781418471578e-01 7.656891790889737426e-02 1.650529339852387922e-01 2.953278529255475848e-01
6.108129347606711113e-02 6.055632231981904201e-02 7.587532222501716661e-02 7.087913819317691322e-02 9.995078984886957008e-02 1.013982898858770687e-01 8.072319472037539634e-02 1.600026448315793881e-01 2.895330044992183716e-01
6.165294105257312224e-02 6.766863121230468070e-02 7.641807068018743876e-02 6.941772971990045615e-02 1.032952972722615687e-01 9.696843920454067955e-02 1.059032159437552911e-01 1.472753093256526369e-01 2.714003655888241884e-01
7.024789687602002453e-02 5.505747902517256487e-02 6.749475550766478871e-02 1.054426110082491291e-01 5.413519404629364012e-02 9.143843190608921812e-02 9.772565773087403540e-02 1.602743333012746074e-01 2.981836405983620542e-01
6.358591601728154352e-02 6.369886351080132625e-02 6.651182850136933000e-02 7.267764969014611776e-02 1.144087656316786772e-01 1.041082296132980617e-01 7.590975471173812272e-02 1.469548073734732174e-01 2.921441849502135479e-01
6.078970985362522339e-02 6.495080054976551387e-02 6.826715247497182337e-02 8.478246331030218907e-02 8.787243451725770815e-02 8.708448527402125328e-02 1.475671222057352017e-01 1.508312848927980954e-01 2.478545469215229780e-01
6.811947782281083108e-02 6.978730477209144079e-02 6.150066730104439966e-02 5.560194333205728534e-02 1.297779325958820507e-01 9.649458765557934747e-02 1.037975007289870383e-01 1.394653052962755158e-01 2.754552804952721812e-01
6.629049912715402615e-02 6.158769759963862722e-02 6.707296334609912092e-02 1.012608966907659336e-01 7.020406703568493612e-02 1.020413502294437308e-01 6.715339004347543883e-02 1.634959194444076669e-01 3.008932164833305056e-01
6.431497311890199686e-02 6.027318756047331944e-02 6.893839384910760426e-02 7.592952776294741024e-02 8.633215133482079195e-02 1.064801127482300352e-01 1.026342297581109703e-01 1.478624996904220612e-01 2.872349241769858175e-01
6.183788088585796816e-02 6.130245548113128634e-02 7.581218977340627163e-02 9.251576624566661133e-02 9.391133884913972774e-02 9.669308043527924390e-02 8.186196848892209055e-02 1.567095032191417048e-01 2.793558166214550886e-01
5.543847495659892655e-02 8.024268278664027643e-02 6.774213128741696233e-02 5.756145394393712145e-02 1.100063950693617176e-01 9.160017691095144465e-02 1.532058985141542262e-01 1.457854434182986603e-01 2.384173431126405396e-01
7.518506714175418604e-02 5.698709601966040622e-02 7.059298027912042084e-02 8.751746827028414333e-02 7.931552141196478167e-02 1.184458261972720916e-01 6.299631884765202749e-02 1.618010492920766430e-01 2.871586725402151541e-01
6.469590522313455050e-02 5.784821662630183770e-02 6.018535561549014784e-02 7.206745363077975142e-02 1.019257264911219568e-01 1.157347247240159555e-01 8.126419762314664175e-02 1.536253202273910046e-01 2.926530998386180915e-01
5.548113758493537079e-02 6.777150601172951538e-02 7.920440797453347226e-02 6.159702651999268003e-02 1.106344132610222325e-01 8.707292230870830596e-02 9.970395551289847058e-02 1.431227291694495418e-01 2.954119016567303690e-01
5.503854326615253284e-02 6.631687241177607051e-02 7.093289503528692197e-02 9.216843218909394342e-02 6.490149088152931400e-02 8.089715741689344763e-02 1.632409890264843455e-01 1.549394557336644385e-01 2.515641640391190204e-01
6.365482965394084203e-02 6.281870942258785395e-02 6.810237791104017946e-02 8.283177155012912130e-02 6.726840597349272033e-02 8.884214407439730565e-02 1.475459652140962141e-01 1.740055259996778902e-01 2.449302702006378174e-01
6.739745770313471107e-02 6.701396217581645498e-02 7.301631802029626139e-02 9.834031562074634081e-02 5.272340922935331298e-02 9.756008424566649240e-02 8.847057990449699871e-02 1.499226465224923754e-01 3.055552265779968857e-01
7.604180003238499019e-02 5.750493890864330493e-02 7.610156957861197169e-02 6.657798230804731765e-02 8.728447541449287084e-02 8.104455743218877406e-02 1.245271993158558188e-01 1.605227924807122175e-01 2.703946845290626788e-01
6.646720008324283335e-02 5.681146517278420210e-02 6.457969784649891798e-02 9.915032587210834136e-02 6.909676021655294931e-02 9.476339679466985744e-02 1.090288492077215732e-01 1.519791012278103037e-01 2.881232035786109869e-01
6.248941364257660364e-02 6.503858636039148988e-02 6.448470078580936793e-02 1.018584245490512241e-01 7.183005289244401292e-02 9.906430806323911209e-02 1.411389481283192582e-01 1.504059772913002857e-01 2.436895882868686525e-01
6.055235240728037288e-02 7.666537989471877701e-02 7.814328845276932722e-02 9.254962873781502619e-02 7.987215244685881566e-02 1.003501656359000044e-01 7.976033886302406894e-02 1.338114072557969603e-01 2.982952863058365156e-01
6.244553427340071572e-02 5.808641844171325008e-02 6.952448763046349678e-02 6.664434250045675467e-02 7.927910144663533054e-02 9.934883413685621778e-02 9.288927129839540109e-02 1.730252185555198052e-01 2.987567917165590003e-01
7.134841080045273287e-02 5.588063383999639783e-02 5.652841631121801463e-02 9.591539996945322444e-02 7.667950509841402196e-02 9.607246321245906107e-02 1.298904414549842123e-01 1.491715842086742128e-01 2.685131451043481499e-01
6.387120728313340490e-02 6.085408303066665997e-02 7.078760769118949692e-02 8.727794272316637125e-02 6.827073636057319483e-02 9.986590399649855621e-02 1.424711013602226739e-01 1.493346236457905041e-01 2.572667939087591726e-01
5.745708458737341928e-02 5.528392738830795183e-02 6.981911752319691633e-02 8.321847833789466908e-02 6.841583120513061722e-02 8.898688805835322513e-02 1.424728095927264848e-01 1.762532408712878806e-01 2.580926224357288357e-01
6.275992305170088881e-02 6.192759711444707077e-02 7.111163089868319243e-02 7.218150054175817565e-02 8.898951782448842607e-02 8.641767359648303004e-02 8.810282194204364925e-02 1.766325340865601556e-01 2.918768009438355016e-01
5.867929522423236816e-02 6.766600043417371479e-02 6.632355185721909574e-02 6.587692221220553535e-02 8.240922377073639504e-02 9.663556233836262388e-02 9.923311688221725380e-02 1.570215976148025550e-01 3.061547296660505624e-01
6.424227016899893006e-02 6.045822716634063204e-02 7.650195251665246887e-02 7.885525109496788199e-02 8.254108019367127624e-02 9.164025447275833680e-02 9.217318730217446965e-02 1.507193564552497256e-01 3.028684206291861747e-01
5.977649988712949169e-02 7.022569901707415019e-02 7.018215417968273750e-02 6.500991617037851777e-02 1.215393051070055713e-01 1.019367590202714391e-01 8.026644832094116666e-02 1.388833164461192871e-01 2.921799018513975832e-01
6.168077648915720052e-02 6.460176967871721077e-02 5.883568265996248770e-02 8.353576111063634735e-02 7.483557528678999593e-02 1.038119182058225703e-01 1.007529089715102355e-01 1.635679708034551982e-01 2.883776367939487328e-01
6.515199362546394979e-02 6.201710602515278503e-02 6.335985924878832776e-02 1.025229615575441316e-01 5.368098977620620188e-02 9.315334586590570676e-02 1.263679817705976038e-01 1.481847999257248361e-01 2.855609622046164087e-01
6.365541610551343765e-02 6.638309586418182640e-02 6.627660886315867028e-02 8.276869011604942594e-02 6.703659861399047237e-02 8.365122100344316025e-02 1.210747173400420484e-01 1.663482342399527358e-01 2.828054178536683061e-01
6.389294727505770433e-02 5.670537237416158061e-02 6.786360601696810047e-02 7.289128007603692949e-02 9.306945137507184607e-02 1.086743014898502863e-01 7.686917752701522000e-02 1.535406192605731635e-01 3.064932446052651693e-01
5.645043526542052603e-02 7.282544082699514421e-02 5.697351769713011188e-02 8.689565497581404341e-02 6.406879318756875108e-02 8.917148029605499737e-02 1.109383866563520282e-01 1.679960799999869747e-01 2.946802110946774023e-01
6.274795630024122828e-02 7.443832872622932473e-02 6.488302993761212167e-02 9.566363670700689381e-02 6.594134181412660001e-02 9.067496511318844099e-02 8.355594778168368153e-02 1.639340999542744648e-01 2.981606936656372442e-01
6.848870009323571040e-02 6.333755989880475445e-02 6.803710422718974027e-02 7.719497297468763675e-02 7.829328853397932164e-02 9.316969484884350672e-02 1.061826680240569309e-01 1.611573610099559795e-01 2.841386503892464055e-01
5.535375386068502879e-02 6.022919117327917710e-02 6.933256410913679613e-02 7.628366334587342867e-02 7.076647167108074399e-02 9.579183459268914014e-02 1.009424772954593402e-01 1.666012428869909356e-01 3.046988010648053469e-01
6.496909745938697633e-02 6.380758052232549105e-02 5.681391037652407799e-02 8.298826706860996938e-02 7.332104485033427710e-02 8.692906367414413027e-02 1.662597150219178310e-01 1.675526693389940425e-01 2.373586516877632391e-01
7.244320170769076583e-02 6.257940806766372488e-02 6.462329821082563042e-02 8.777943249740140230e-02 9.362852938944525583e-02 9.659830267611319021e-02 7.376713620497440949e-02 1.508201364665312516e-01 2.977605547793544249e-01
6.654072013817280418e-02 6.546554033329336775e-02 6.861754627597502210e-02 8.143344636712847306e-02 7.177712165746971684e-02 8.814251638099249164e-02 1.027910509522806798e-01 1.617109296922022432e-01 2.935211282024852708e-01
6.261205403838181194e-02 6.827080495433687779e-02 6.825286128877690317e-02 8.326583858763150769e-02 8.786469222479441343e-02 9.504646084150898677e-02 8.936827815618898774e-02 1.603795885559353152e-01 2.849394213524453212e-01
7.330666165351940045e-02 5.513673043671399321e-02 7.191666273324366643e-02 6.445290828419518447e-02 9.022826837084266249e-02 9.622920386210984112e-02 9.083436044113714358e-02 1.600424996205114803e-01 2.978527045977266696e-01
6.785033320910099919e-02 5.941689080691349434e-02 7.370733958807483555e-02 8.271378927383449264e-02 5.944702709964962833e-02 9.221113691753252128e-02 1.400602230019191430e-01 1.660231940594902866e-01 2.585700660434845366e-01
6.582817297234017095e-02 6.547508456668446608e-02 5.636512018930521506e-02 7.364453429273482010e-02 7.630747622201601577e-02 1.197487333655352648e-01 7.725731806765524790e-02 1.559916493770098778e-01 3.093819109467188522e-01
7.411012381178071207e-02 5.406220469351131347e-02 7.947405033800591934e-02 7.433029235357711817e-02 6.207539508473826351e-02 8.457506978396904518e-02 1.494487474332967247e-01 1.689419783868297553e-01 2.529821381142910997e-01
6.697349201359574511e-02 5.935132908953738573e-02 6.893744772174648094e-02 8.899021491418983298e-02 6.807282278706518197e-02 1.027523733185143340e-01 9.166118823867407117e-02 1.584440122737486301e-01 2.948171196429282825e-01
5.845137835617180561e-02 6.465581381366122815e-02 7.086566887814996218e-02 9.548852858654048592e-02 7.297324102114914612e-02 8.792036211563443449e-02 9.424662652191613532e-02 1.500888369242507348e-01 3.053095437825261160e-01
6.418678327581864296e-02 6.170174394601264656e-02 5.899816659188846651e-02 8.310384375497005538e-02 6.405249759578923729e-02 1.080884593977154834e-01 1.054027970666999298e-01 1.644678397641397283e-01 2.899978686069658584e-01
6.378025943788202812e-02 5.991016928863371338e-02 6.230733623821783917e-02 1.108096126746486998e-01 6.908883396851696335e-02 1.084188196809569432e-01 1.223595534916874228e-01 1.407268277028500825e-01 2.625985875166063077e-01
7.466063539780919134e-02 6.641226299099196873e-02 7.091704955022432033e-02 8.841764129205466338e-02 6.349610962019786031e-02 1.095402356301851399e-01 8.271672993563684850e-02 1.496880075793881326e-01 2.941513280035117917e-01
6.541443108059866174e-02 6.058441421625083284e-02 7.185273987144358276e-02 9.703661121613661733e-02 7.438419988608754863e-02 9.032870336303722159e-02 8.597755977852780673e-02 1.676320224498701050e-01 2.867893181380476442e-01
6.752492878129152942e-02 5.609244712757271295e-02 6.277132803696225394e-02 8.720940783296209087e-02 8.334963525551061791e-02 1.087517833711749565e-01 6.876429552156315683e-02 1.604888378181171249e-01 3.050473362548455913e-01
6.283925056105607587e-02 6.468136454976877725e-02 7.276308419561777763e-02 1.012905324879406349e-01 6.514565458912421891e-02 1.007122446097938884e-01 1.033553640752056524e-01 1.617863852525302237e-01 2.674261196789626815e-01
6.540324803242172913e-02 6.251239204852285236e-02 6.871665403997002930e-02 8.005053857593501243e-02 1.077863549476355681e-01 1.030340702988913199e-01 7.458915225917382708e-02 1.380884395617970051e-01 2.998191502356526428e-01
5.981725607048443694e-02 7.003793497342211682e-02 7.529382344706457564e-02 6.038097576679061357e-02 8.798429156685402819e-02 9.443131307782583195e-02 9.834287535296053206e-02 1.658382357113324934e-01 2.878732940332654477e-01
5.962856389250333067e-02 7.305571483534621657e-02 7.179138702644428938e-02 1.140034945210363776e-01 6.508445365755381740e-02 1.006554188187659959e-01 7.063501021517630540e-02 1.507301854148430376e-01 2.944157716183306572e-01
6.190490149876095444e-02 6.826985418210866630e-02 7.325683245187256110e-02 5.929357656086906014e-02 1.172085391952318312e-01 1.144903858392270490e-01 8.786551751007423694e-02 1.357306546656408541e-01 2.819797380962146827e-01
5.621619895180249293e-02 6.481235366311953461e-02 7.598360345442264907e-02 7.707950500140671457e-02 6.771615642448614025e-02 9.226311172707270247e-02 1.262297309035225745e-01 1.667555117038790613e-01 2.729438281702881164e-01
6.410453531785495485e-02 6.949192821646993368e-02 6.529856583792670310e-02 7.532813256500239807e-02 7.213436841368847663e-02 9.596712717172292684e-02 1.073597744944632115e-01 1.559429008555030804e-01 2.943726671273683704e-01
5.887137786965129099e-02 6.064851577353944784e-02 9.027636676837993979e-02 9.090724554005487346e-02 6.316155239491499929e-02 1.063197723981201409e-01 7.397328933105497273e-02 1.505156756380343908e-01 3.053262042862500136e-01
6.360281007765990202e-02 6.896119577533216249e-02 6.432230582367962080e-02 7.770060579705895254e-02 7.268717780335461065e-02 9.391725551113515313e-02 1.145487317883892159e-01 1.600443232895924495e-01 2.842155941337980996e-01
5.594219187992339332e-02 6.107794198946475683e-02 6.263637993115088454e-02 6.732221780775334008e-02 9.380531302379965797e-02 9.870595059815197303e-02 1.112196754278881594e-01 1.768411588816287683e-01 2.724491704602391429e-01
7.255510480553276076e-02 6.050616674868578015e-02 6.227988660525894671e-02 9.632668637123796562e-02 6.637826232974722296e-02 9.459317677694850657e-02 1.329892177294212108e-01 1.626371499500296747e-01 2.517343486831379873e-01
6.006190852167121036e-02 6.540087906904404336e-02 7.563059427262287804e-02 4.828496802771572310e-02 1.361786577338675031e-01 1.003624285096622187e-01 8.708047780167020580e-02 1.429624354528413743e-01 2.840376506109049681e-01
6.755151938558441593e-02 6.355266476216797633e-02 6.937254490010989760e-02 6.779112507746920535e-02 9.592782553967332815e-02 1.076023073032960076e-01 7.144375769907107543e-02 1.513398208379270471e-01 3.054184344947011853e-01
6.750329804961131830e-02 7.103760104217322902e-02 6.138102601064710645e-02 1.125549347506572123e-01 6.676726970617444246e-02 1.001518983587784822e-01 1.455191053216588759e-01 1.328649167041550672e-01 2.422199500561442176e-01
6.146018427892604996e-02 6.305128775037784072e-02 6.711536882357556355e-02 8.623788259065230666e-02 7.248363856279255169e-02 1.017521329293755300e-01 8.523817923123333529e-02 1.721274039274485190e-01 2.905339219056181643e-01
7.154521117254902807e-02 5.769835968844880258e-02 7.571896710320019652e-02 9.740724662409402934e-02 6.306017004642361368e-02 9.815975842708682397e-02 8.913434312477690191e-02 1.507130360276825176e-01 2.965629077857380724e-01
6.635656596164345167e-02 5.796148266022670137e-02 7.111525217967336332e-02 8.409270677477782840e-02 7.044400638961281769e-02 9.886699356635032798e-02 9.834713092155335235e-02 1.573495632487456608e-01 2.954662982974163854e-01
5.363682102078710934e-02 6.085464305845101479e-02 7.310649338396760233e-02 7.259883144780962527e-02 7.524217359004047034e-02 8.859100419542388638e-02 1.404803942072206380e-01 1.673654917736983883e-01 2.681241473226013139e-01
6.245057381049264056e-02 6.270420692785387551e-02 7.339620926986120675e-02 1.048886190676245056e-01 6.760790688432753714e-02 9.553451390428577272e-02 9.220650264316324063e-02 1.459798363292321710e-01 2.952316311631591472e-01
7.801157627646070070e-02 6.337255897892932199e-02 6.556015045348441428e-02 9.758932309086912338e-02 6.894321482023903214e-02 1.104942647346412316e-01 1.031054636787266526e-01 1.311211078436644861e-01 2.818023401229850511e-01
6.110592952756765950e-02 7.068327086027983985e-02 6.115663391609895555e-02 8.694109536314691133e-02 1.040132141624773576e-01 1.011551227798481584e-01 8.059428362143561397e-02 1.477192260325138617e-01 2.866312237366316906e-01
6.121300750919856509e-02 6.527364724638495819e-02 6.638592505782350828e-02 9.229084136299957331e-02 7.699458795128928668e-02 1.085490636509833517e-01 9.164108926885383699e-02 1.500237291910716808e-01 2.876281087613952181e-01
5.991298015240215796e-02 6.756947528893836319e-02 6.859355009160560124e-02 1.127829205488424247e-01 6.380520864066760445e-02 9.347668697008497396e-02 1.148938340340865949e-01 1.492603499060279892e-01 2.697049943673442973e-01
5.968682261485876855e-02 6.772930098856717873e-02 6.444155750647452552e-02 8.982271326674352852e-02 7.202855197305770008e-02 1.019909866089970946e-01 7.591054542050582055e-02 1.558859497559368090e-01 3.125035718648587202e-01
6.442574068467225856e-02 5.559747794838632018e-02 6.507394163339050297e-02 6.011365741287275077e-02 9.844126459460740552e-02 1.085989020153149548e-01 9.426417946279225246e-02 1.577443776677210086e-01 2.957404585802426156e-01
6.932928955377025415e-02 6.142529155483715531e-02 6.232554147184192483e-02 8.374974555596832737e-02 8.206759928862898679e-02 1.021051013491739573e-01 8.584406393622293074e-02 1.560852550270892258e-01 2.970681122624671544e-01
6.558738161270569189e-02 6.878791874118113381e-02 7.179079003298653727e-02 8.845543093196595041e-02 7.523430346567031024e-02 9.641931448143004069e-02 7.915829407113728067e-02 1.581912253210538133e-01 2.963753413418691585e-01
6.483546217704384829e-02 7.582998108773374157e-02 6.253412678489678189e-02 9.434206363537007978e-02 6.876131779155225665e-02 1.010247141920167097e-01 6.998348121015618428e-02 1.507936986052209050e-01 3.118951545160094097e-01
6.950818136885036913e-02 6.160721818561058771e-02 6.612371554959588227e-02 7.717929200879719565e-02 8.101399734333201985e-02 1.022065965959308848e-01 9.354559999356845679e-02 1.493759541162624771e-01 2.994394448380520157e-01
5.865539675751626353e-02 6.957151094376745615e-02 7.125537496055318887e-02 9.577200499889750029e-02 6.068878251948519459e-02 9.415386334502232057e-02 1.198349566047003240e-01 1.622790752707531925e-01 2.677890345993045873e-01
6.044849244033560776e-02 6.393484180435561604e-02 7.245270588436680814e-02 6.393355421323503041e-02 7.532107291228658241e-02 8.476574072199534460e-02 1.101674432925556502e-01 1.663541944569863762e-01 3.026219542738829427e-01
6.160392997329020709e-02 6.530359719006885444e-02 6.705547746829702838e-02 6.312388944495185561e-02 1.077566671680814520e-01 1.037516684070938361e-01 8.922974603018674067e-02 1.477318786879400214e-01 2.944431456300899974e-01
5.709139111963247581e-02 6.094508117305918321e-02 6.652232808955382826e-02 1.025006427308239459e-01 7.718805738856145127e-02 9.852329248608777956e-02 9.927848440789865947e-02 1.499323457452177710e-01 2.880183768591648708e-01
6.709801919278782223e-02 6.410933511336988633e-02 6.683328972856958372e-02 8.496126241052127936e-02 6.444786482391781646e-02 1.098945414104030710e-01 8.267718791419000068e-02 1.594914601329454618e-01 3.004870392732951756e-01
6.574679378004062713e-02 6.382211360585525461e-02 6.675541832890531657e-02 7.163410681029931670e-02 8.143581802627954114e-02 9.891237032760233361e-02 8.890773443728219871e-02 1.667644732771508820e-01 2.960211714065845157e-01
7.254218277598795117e-02 5.710306459766385789e-02 7.799450445437638990e-02 7.299024175760586430e-02 7.554978811733696620e-02 1.023844097541873471e-01 1.422306731768082366e-01 1.645263065716283113e-01 2.346788287944049922e-01
6.011710067524458218e-02 7.202309925258940093e-02 7.186621861602329742e-02 1.062686082579922531e-01 6.916449983986848460e-02 1.058693782131882727e-01 8.274767721780185159e-02 1.643161546847964616e-01 2.676272632424951947e-01
6.877922894083733640e-02 6.287535812030027593e-02 6.232543861995567397e-02 1.181346067354733520e-01 5.940334631696517903e-02 1.036405424110849183e-01 9.684808959681505403e-02 1.374742240678828997e-01 2.905191651906853245e-01
6.773999303112242243e-02 6.654703565175247582e-02 7.083241161767769856e-02 1.218260248490558445e-01 5.585500661933810729e-02 9.447232999660738761e-02 9.559230819807881807e-02 1.501112470021528367e-01 2.770236430342145062e-01
5.561168617537115555e-02 7.026418378661349051e-02 6.523650894753112162e-02 7.473069935404028086e-02 7.038092326742903526e-02 9.049839160031680763e-02 1.540385609587254789e-01 1.782156090717859909e-01 2.410234368381866665e-01
7.051521973210311822e-02 5.344064790246309815e-02 8.030711154297302812e-02 9.012292255543737085e-02 8.242579508759347029e-02 8.799788750764889200e-02 8.390037726076352009e-02 1.505898054356066551e-01 3.007002329754107639e-01
6.170672399024781929e-02 5.770778230871499714e-02 8.860035704387062006e-02 8.174109156426816181e-02 6.785701875011855566e-02 9.336654076744640984e-02 1.433145185073700367e-01 1.655754940010451814e-01 2.401304730669183429e-01
6.040958770830582442e-02 6.179762398658507350e-02 7.747003868854629438e-02 7.626537169776553826e-02 6.257005278907312729e-02 8.445035802931580293e-02 9.914004056927998298e-02 1.696846426893469095e-01 3.082122838417814537e-01
6.381896249226336193e-02 6.544088833312752818e-02 7.167384620144630347e-02 6.976219329675467651e-02 1.041954052536088193e-01 9.125123198029033711e-02 1.463746625664046064e-01 1.382465576915312411e-01 2.492362521845730983e-01
6.484159558988097927e-02 5.822671900840389880e-02 6.927171620948427422e-02 1.156200401337427325e-01 5.430990152529607817e-02 9.687547869660237398e-02 8.100952213896918386e-02 1.653031193526901255e-01 2.945419073449303538e-01
5.645631491652095685e-02 7.159051432083066158e-02 5.973263936482178793e-02 8.238849348193082178e-02 6.611626214561458492e-02 9.399260492241347242e-02 1.236629285037848108e-01 1.663376063957451301e-01 2.797226359483377944e-01
5.821058895669545263e-02 6.173490590991994459e-02 6.641320406895337425e-02 9.342383282972682723e-02 7.519380686049967344e-02 8.830349778642755665e-02 1.357742735694386915e-01 1.652435845755228228e-01 2.557023054428155806e-01
5.434870771701608844e-02 6.544327940695481016e-02 7.290211894804314585e-02 8.129502563097756873e-02 6.645008129320399692e-02 8.673854949036331752e-02 1.501112001493793702e-01 1.659589958943104016e-01 2.567520414697513909e-01
5.697410947446295698e-02 6.108047031271389427e-02 7.156288258967789806e-02 7.705848641803211829e-02 8.249604647643614397e-02 8.128238880714819259e-02 8.605943276872267400e-02 1.793777730962497208e-01 3.041084100565563664e-01
5.549081394321023902e-02 7.255602750574363657e-02 7.212703758583191571e-02 5.417858045896366964e-02 1.019338947942343698e-01 8.390974461784310445e-02 1.130481684655455094e-01 1.484751095938001697e-01 2.982806230348273857e-01
7.325327974035007739e-02 5.878678108205129954e-02 6.394136694884118566e-02 7.831347750423504894e-02 7.815636590018827656e-02 9.060524226551695814e-02 8.635017033873525205e-02 1.624482182133988040e-01 3.081450980066829937e-01
6.339413375335160861e-02 6.399108713678727800e-02 6.947976158345522957e-02 8.662328331216473387e-02 9.211348323521800774e-02 1.038665400251617132e-01 9.090903413662264343e-02 1.466100649309106663e-01 2.830126118863282025e-01
6.345581073057078580e-02 6.170732965585723484e-02 6.648516985204924734e-02 9.267056581986554686e-02 6.746328291260587917e-02 8.779946850326748875e-02 1.128928902881380508e-01 1.670153978760526015e-01 2.805100843615931372e-01
6.538106738864173095e-02 6.032959460868855123e-02 7.181357847830253938e-02 1.085332358937406011e-01 6.455282402002023023e-02 9.054293925835096846e-02 9.354641379451368588e-02 1.525907690786107163e-01 2.927095774791310667e-01
7.347012755207013579e-02 5.056455846322957526e-02 5.952659906985456606e-02 7.505557553750574762e-02 8.182317691876432597e-02 8.729747265662363143e-02 1.419188961317822961e-01 1.754786649839660817e-01 2.548649286862036401e-01
6.638396617319883286e-02 6.538984550996963796e-02 7.077357025431121884e-02 7.628986305338607277e-02 1.142899837314218237e-01 9.263845044720388222e-02 8.901688691099707285e-02 1.421767517722292151e-01 2.830406821472821188e-01
5.889202248080595975e-02 6.660195843091390455e-02 7.783238314104386213e-02 8.280206359324167320e-02 8.063680949764290284e-02 8.882112396732387560e-02 8.320003604551812204e-02 1.627586968405691781e-01 2.984549060029404455e-01
5.804207461016507724e-02 6.114680417875888174e-02 7.149480304715484513e-02 7.260622857765004767e-02 8.107547510276330582e-02 8.916854220836184508e-02 1.010140204852810336e-01 1.700075770213484161e-01 2.954444747685166517e-01
6.972138890960899449e-02 6.281492908476160597e-02 6.732007167598939856e-02 1.059826036939747057e-01 7.085350837455112183e-02 9.844423533362738066e-02 7.625823549038471261e-02 1.581950610197525586e-01 2.904099664173495632e-01
7.743235458522695902e-02 6.046954242968569093e-02 6.814056233408913310e-02 9.529215609841087953e-02 7.670917166843664592e-02 9.802063117441037199e-02 9.556906372731530097e-02 1.410139923960188058e-01 2.873525255864061712e-01
6.823137701870400640e-02 5.916356239683099455e-02 7.451795833401375635e-02 4.959839779616763422e-02 1.209206612251840923e-01 9.626367709686003971e-02 1.300576106005546795e-01 1.560642469563275625e-01 2.451825085753572275e-01
