Teff Fe/H Dnu0_median dnu02_median r_sep02_median r_avg01_median r_avg10_median
5.253865722697376173e-01 3.972663603417390249e-02 1.612936541752129083e-01 4.432101171587315980e-02 1.729907355893656462e-01 1.658563454110238006e-02 3.969575567453442755e-02
4.818821773589423429e-01 9.599012440339534102e-02 2.717520909848399335e-01 5.357413850968092278e-02 5.061228829452374400e-02 2.931620731787614939e-02 1.687297313074151081e-02
4.305574831320840845e-01 4.449166901049458889e-02 3.371049830818433346e-01 8.711925613845449001e-02 7.591736124633420568e-02 1.228501133051332524e-02 1.252423606027590341e-02
6.128106341697495685e-01 4.726040503833528472e-02 1.553299996771311808e-01 3.867094700163477283e-02 8.556682974900244043e-02 3.063901969650915241e-02 2.972216466763747886e-02
5.775892805463017643e-01 4.586001981218460616e-02 1.278211865936914049e-01 1.072537358134167812e-01 1.009650942626960646e-01 1.257289748829825034e-02 2.793778548341116150e-02
4.484657517338949129e-01 4.257346716475880061e-02 3.213578353764190987e-01 5.163037260097342457e-02 9.775212746964380417e-02 2.492855301624734982e-02 1.329189263806263531e-02
6.397056136225527379e-01 4.730204356428430179e-02 1.583319962569584016e-01 5.892143925377778257e-02 5.756853440862411131e-02 2.055474521197725099e-02 1.761562768182524732e-02
5.704648900252576871e-01 4.215607315883703604e-02 2.068867632259804856e-01 4.779332185144982009e-02 8.859122226884479090e-02 3.140637391042427201e-02 1.270135555920583713e-02
5.306729536943279868e-01 4.253547388155900361e-02 2.716085377980975712e-01 2.820804044766287919e-02 8.396803999584519229e-02 2.516537314005750509e-02 1.784158104245000750e-02
6.169584117000889156e-01 4.069940842988846452e-02 1.706577912469138814e-01 6.126773539494290155e-02 7.019396067302527409e-02 3.095968852506367566e-02 9.263004030076852496e-03
6.217822907311976177e-01 4.100640453023614990e-02 1.621494909596658540e-01 2.963294719820876166e-02 1.127341272530489463e-01 1.249731659092070089e-02 2.019742273672186020e-02
5.989713305401062060e-01 4.636631770992272195e-02 1.992222700262976376e-01 8.552897610828227859e-02 4.010485103024074433e-02 1.520025345623770424e-02 1.460600112891280618e-02
5.990990995444769318e-01 4.149551140215151229e-02 1.698986765723646819e-01 5.735509469753749534e-02 5.637169192538068335e-02 6.080770589154622235e-02 1.497221996654258570e-02
6.000559750209462084e-01 4.947869181478825595e-02 2.034830408927138790e-01 3.203882320482716317e-02 4.411360292739000682e-02 4.294412432250269834e-02 2.788574181683172587e-02
4.074687504921007952e-01 1.951975833575341768e-01 1.051732259030091904e-01 8.191365694333523073e-02 1.062840233520173649e-01 9.178851798362572256e-02 1.217424196837756621e-02
6.300354586801487633e-01 4.487204617793964095e-02 1.547078104766411721e-01 7.323792172977292014e-02 4.087200004650964197e-02 3.659614497321816984e-02 1.967861791576961186e-02
6.125880472787480491e-01 4.787679361614612106e-02 1.853144779917038909e-01 6.511099090715233295e-02 4.102078980281491372e-02 3.508431279059077978e-02 1.300458761284405476e-02
5.887328107318576809e-01 4.056322871469110469e-02 1.798391687113410353e-01 5.629913611265352502e-02 7.221993413007873897e-02 4.211385746025483878e-02 2.023186413912312492e-02
6.102605059319342606e-01 4.515723423533084951e-02 1.274952744113827530e-01 3.269824985326839906e-02 5.918967261141179492e-02 1.045783056909311975e-01 2.062075726574085985e-02
6.159593343921683228e-01 4.042863632983118710e-02 1.742305066478091746e-01 4.687995122818568866e-02 9.368730496441039779e-02 1.466751182509802576e-02 1.414675461249732293e-02
5.377650138276834912e-01 7.863011441845395300e-02 9.589731898232330132e-02 5.085166826869222390e-02 6.299306726515346844e-02 1.084029812084338906e-02 1.630225191168500898e-01
5.755512893170917632e-01 4.399867148632867486e-02 2.401035594306497323e-01 5.856181820498753549e-02 4.707278764120696735e-02 2.036339812765123464e-02 1.434847579208413208e-02
5.924836959262290703e-01 4.336755012844993595e-02 1.906676410005601896e-01 4.179349109791619804e-02 1.000253814517176876e-01 1.479759145119727629e-02 1.686464894392959712e-02
5.727618741010631620e-01 4.228807036435731220e-02 2.202887513632586780e-01 4.209236995533677944e-02 4.799812176180595635e-02 5.300162261273726888e-02 2.156918984144073556e-02
6.116980477427967910e-01 5.087189465013514100e-02 1.506793937382341630e-01 7.359050011802462099e-02 5.688576299368562628e-02 2.435503940553740074e-02 3.191936135158630894e-02
5.030277877960678268e-01 4.201146797720719389e-02 1.380309685225492577e-01 8.767152344247468310e-02 7.018768901062377719e-02 1.475927392767147628e-01 1.147782397436230249e-02
6.119818463665817054e-01 4.822282830364873346e-02 1.390392430152424530e-01 5.592418231799770739e-02 7.877894346798676450e-02 2.963232141495703714e-02 3.642063511358557826e-02
6.153596512084111847e-01 4.771488666189194205e-02 1.363229275778664595e-01 7.306937018457328181e-02 6.176544775231796597e-02 1.126861053543370961e-02 5.449910607950535918e-02
5.678248642200922625e-01 4.352482935325846514e-02 1.810060004606489081e-01 3.003640095899189413e-02 6.926255349970500408e-02 6.101330167886288847e-02 4.733204982844053249e-02
6.158214162840582873e-01 4.348546277670740229e-02 1.734925748135589807e-01 8.948978745241001342e-02 4.359738359660229878e-02 1.538273713770238818e-02 1.873063793896045937e-02
6.312605488447635693e-01 4.331577028315624495e-02 1.105181381405014041e-01 7.742949005075359936e-02 4.280491433993443423e-02 7.375015589600444899e-02 2.092098244488633726e-02
5.030035222314944710e-01 5.065674019080562696e-02 2.212830009009120469e-01 4.699598985300711129e-02 4.791985615619122341e-02 8.858558757466977740e-02 4.155530309291973617e-02
5.825727072042284904e-01 4.236575650656162345e-02 1.493447597311478858e-01 2.804684927619064544e-02 1.094297080227897290e-01 5.794473262526877999e-02 3.029548663381287713e-02
6.213947823836778461e-01 4.657389402999086159e-02 1.330989258904003991e-01 9.611688136196852583e-02 5.753052997260058032e-02 2.270819592647522686e-02 2.257679043488671627e-02
5.625637223690804767e-01 4.378319207589867479e-02 9.700440150479271162e-02 5.390757555042310217e-02 4.295667508912111299e-02 1.852817328469786029e-01 1.450270056370523385e-02
4.986245996237370637e-01 8.840032186098867317e-02 2.302178367758463129e-01 5.399970676737635839e-02 9.786254113429092294e-02 1.551028655202161405e-02 1.538470728573904101e-02
4.377923680067004608e-01 4.276107482305530061e-02 3.143214130826686992e-01 7.248305157181947345e-02 8.313807077279031232e-02 3.519567347809286761e-02 1.430834826487293113e-02
6.008552749749132005e-01 4.411046638334127634e-02 1.621855097563969228e-01 5.740654946882520204e-02 6.945091229563327140e-02 4.630939671080466086e-02 1.968189041008552159e-02
6.232036442975559254e-01 4.476645309994286420e-02 1.821355130339830375e-01 2.514548886868241823e-02 7.717260931749637953e-02 1.274085525376866465e-02 3.483543612857083194e-02
5.854699943928827199e-01 4.827418766471665290e-02 1.973348570584146644e-01 2.826304787872544952e-02 6.022624991383719595e-02 3.001306248434258694e-02 5.041860060708076852e-02
5.845138560145121120e-01 4.443995454785171217e-02 1.566249054614875513e-01 8.200817418601470676e-02 4.326777328751420931e-02 2.338766757571475799e-02 6.575766892690490528e-02
5.848541819112861306e-01 4.448780092436473155e-02 2.024101376759335214e-01 6.715727677931242201e-02 5.310986076677608192e-02 1.783142055605966420e-02 3.014932138626742752e-02
5.523513081544311198e-01 1.128384419887395185e-01 1.150763292451669334e-01 6.875130582459874906e-02 8.489694677467192474e-02 2.210294319881663319e-02 4.398272481357515945e-02
6.307975081103239789e-01 4.553341471341396107e-02 1.448510770464140895e-01 5.277626345234896765e-02 5.631896336631580374e-02 1.515862698658936546e-02 5.456414632459387348e-02
4.941901861110254424e-01 5.229265626564979369e-02 2.299713195780915820e-01 3.137577671209317021e-02 1.025950143039291579e-01 7.810963362499785678e-02 1.146541340421294158e-02
5.952940735021945429e-01 5.233053263670383454e-02 1.934916433870854380e-01 3.924094683095352004e-02 5.219992173455478141e-02 3.761640836856910974e-02 2.982647353993883241e-02
5.090059643611536400e-01 4.381327140801462294e-02 2.199054374264818312e-01 1.385863961502276920e-01 4.266655350124061441e-02 2.659318523254882924e-02 1.942919192033260023e-02
4.141389113217645579e-01 1.407752571982963108e-01 1.321995696480425531e-01 5.668407210809944807e-02 2.286712617437624828e-01 1.530203350425751556e-02 1.222889447577715782e-02
4.423065401781732797e-01 4.652456655974773064e-02 3.213172085273851009e-01 9.008729941967164034e-02 6.237758326009994886e-02 2.440441661687209329e-02 1.298238543805021496e-02
6.114415189347409685e-01 4.141034843984833097e-02 1.588326708302447154e-01 3.062021567080850173e-02 8.919662427748593914e-02 5.678159239794587643e-02 1.171702944892565219e-02
5.635520012990408167e-01 4.253596293219386731e-02 1.597424083293514097e-01 5.879360820455100528e-02 9.289769556111220072e-02 6.686395004307636725e-02 1.561437363067434692e-02
5.647755001568504074e-01 4.172351539782785668e-02 1.951310891654064184e-01 2.652040387317048872e-02 6.106530252333540465e-02 1.694971793972467958e-02 9.383447094368471686e-02
5.735857149618568407e-01 4.920139385470045229e-02 2.252036175361828430e-01 4.292851606059115005e-02 7.068931580638762591e-02 1.524646441407664400e-02 2.314497736620453952e-02
5.511399104859855402e-01 5.120997698083318977e-02 2.645199211614813750e-01 4.074861507794284854e-02 5.439812196753980589e-02 1.437836129146757846e-02 2.360509303474962045e-02
6.039646484947558402e-01 4.213685589409197491e-02 1.491270146984880751e-01 8.200857118126346490e-02 3.518225246352682523e-02 1.285595182569540702e-02 7.472470544217837962e-02
4.481367421565995435e-01 4.487436069998224086e-02 3.368197794771822795e-01 5.902999661792342895e-02 7.200026410653129205e-02 1.782606689888654658e-02 2.131279004289478654e-02
5.779617472914468923e-01 3.950112203009901318e-02 1.772569140616609418e-01 2.501951651636096993e-02 1.458913641293839991e-01 2.021011198703998729e-02 1.415922398400851732e-02
5.721216055942318635e-01 4.565424537545181849e-02 2.387997169643674700e-01 4.794684778271467163e-02 5.506539616197306253e-02 1.621170591653190579e-02 2.420048220472934344e-02
4.242199976498641778e-01 4.323398594690788799e-02 3.202754196244039231e-01 4.079525928632982135e-02 1.376702372860070245e-01 2.023347990130704502e-02 1.357162030518023303e-02
5.339666373613688455e-01 4.355539525194790373e-02 1.996358582286044681e-01 4.717918191024039754e-02 1.174650565042374278e-01 3.680176357604712789e-02 2.139610716755382253e-02
6.325344849996985541e-01 5.005162247788172425e-02 1.531983254858562127e-01 7.969952009177942720e-02 5.214951127148700905e-02 1.420711181177068856e-02 1.815942386152621935e-02
5.773458090535440457e-01 4.266768288650517327e-02 1.144585891837811287e-01 8.525017680933057174e-02 1.317435756324780993e-01 3.213001272964936816e-02 1.640415370471162357e-02
4.111919285328213269e-01 1.949488299108778633e-01 1.447286684871556539e-01 6.222498944325668968e-02 1.383833648516669956e-01 2.118007182261369414e-02 2.734214695160776601e-02
6.239795092111058983e-01 5.042811439964407783e-02 1.804769317924901917e-01 3.433888473158377974e-02 4.754144454465596831e-02 4.803062495529451803e-02 1.520449036522569450e-02
5.882904106749445861e-01 4.725987699155085459e-02 1.823642964446160197e-01 5.322765136790529039e-02 7.365896893041835869e-02 1.574134190084375273e-02 3.945745368972113781e-02
5.540182478481670003e-01 4.826881618778145616e-02 2.502835699518260459e-01 3.517625381118474892e-02 8.355502234380617066e-02 1.454346352685174058e-02 1.415462633038287038e-02
4.661310574245999261e-01 4.119435580062973806e-02 3.199008098608056017e-01 1.913269733942861428e-02 1.255157814944139472e-01 1.369534473969680199e-02 1.442995334042534994e-02
4.273404328813893982e-01 5.134073914163928692e-02 3.234666920877176111e-01 8.693104220686646844e-02 5.902023020478252419e-02 1.861608486712983471e-02 3.328477861047501180e-02
5.798545295865635829e-01 4.626485918090180588e-02 1.837056570669103328e-01 2.672022344419836687e-02 1.273309156177862556e-01 1.103531085010700692e-02 2.508850425353262303e-02
5.985926288680439855e-01 4.665545016618094509e-02 2.152115565794358032e-01 4.689013803324060259e-02 5.286757220339327601e-02 1.935892252361268162e-02 2.042373162609273721e-02
5.992779239365004784e-01 4.300784243273728796e-02 1.304028792602115461e-01 1.028336346361150566e-01 5.890041717572168378e-02 4.801582392583884223e-02 1.756147863287520552e-02
5.466894806923969785e-01 4.490372043946618680e-02 2.622055504302202023e-01 3.980564133049322578e-02 3.739144850232827000e-02 3.085403972422208485e-02 3.815011888087295466e-02
5.910816897163432282e-01 4.552503263119219573e-02 1.330794364587299938e-01 7.920629791529838759e-02 9.455864270659480875e-02 4.186882824795531977e-02 1.468007232388608869e-02
5.101651837649966437e-01 4.264106022615386793e-02 2.795682097971726177e-01 4.854453927268776586e-02 7.836959305961867239e-02 1.869415748534345584e-02 2.201725639402711543e-02
4.998190572786818109e-01 5.129922303686896418e-02 2.532418783835186926e-01 5.017175615523267185e-02 9.171227370297928283e-02 2.674221762122701296e-02 2.701359382149156468e-02
5.396960716969579908e-01 4.145255880284612338e-02 1.284636608990528950e-01 4.760172080142158202e-02 1.712185598324753311e-01 1.513897442528746445e-02 5.642845354195867580e-02
5.959961707245557960e-01 4.675105207031211157e-02 1.964542655685269923e-01 2.206053097287517806e-02 1.069085876557011178e-01 1.340827860661071916e-02 1.842111440141803655e-02
5.687831902250827243e-01 4.684472924738076333e-02 1.724702709595807293e-01 5.609880906374230952e-02 8.115827195795440041e-02 3.986221051185151465e-02 3.478251803440748219e-02
6.212439292415057324e-01 4.725098708115283569e-02 1.811179958980219662e-01 7.501031602883496963e-02 4.125082612308270114e-02 1.439552986787717877e-02 1.973041575952465612e-02
5.404669349364208397e-01 4.554354765973817054e-02 2.734339911810901858e-01 5.045190476917931627e-02 5.236369815950990547e-02 1.255756563721815294e-02 2.518235765684341543e-02
6.314481203391206776e-01 4.470373363045914566e-02 1.781190092902737165e-01 2.387423237929501077e-02 7.269811661703694250e-02 3.222043805800921257e-02 1.693634968580516598e-02
5.627233881314362973e-01 4.090181914908744970e-02 1.674992502052187193e-01 3.376752999734978361e-02 1.412993675196138610e-01 1.325135733548195478e-02 4.055728766181187356e-02
6.022294569190349556e-01 4.598572141283196330e-02 1.675010456438575934e-01 2.162734179195474268e-02 1.222253705592243889e-01 2.334390494894533069e-02 1.708715872415110179e-02
6.075846886133846603e-01 5.128355326989301327e-02 1.252045000123000185e-01 5.989944462356690952e-02 5.505449977341538709e-02 2.672033160092653764e-02 7.425298210651341824e-02
4.997978793013324039e-01 7.312740958742242059e-02 2.619335542127361749e-01 6.897035427276237973e-02 6.534840974552112713e-02 1.628503042505159704e-02 1.453736245517393312e-02
6.419512843683869985e-01 4.699925320259439737e-02 1.501789251877830578e-01 5.008742658600522785e-02 6.264053883618724006e-02 2.491832442841164508e-02 2.322424739063124605e-02
6.121284326755676020e-01 5.959209540999453603e-02 1.648396406895255017e-01 6.451256529760278358e-02 4.236709985437189102e-02 2.450780976284029633e-02 3.205235631009738240e-02
5.839655022290948239e-01 4.471574426840017186e-02 2.250501584441441660e-01 7.260490307051170600e-02 3.383292760966692680e-02 1.175713777432835921e-02 2.807362660385376296e-02
4.524025168198143598e-01 4.610685785352480054e-02 3.237972979070930513e-01 3.040870332640032564e-02 5.440045005301695491e-02 7.849114606204304900e-02 1.439302797810747443e-02
5.754249051622842837e-01 4.040470354046452051e-02 1.586573829006530933e-01 2.680385899454003004e-02 1.165703145673590707e-01 5.066903408391310037e-02 3.146980075078572442e-02
6.046681340107395997e-01 4.242971248657710637e-02 1.471176442218977698e-01 7.437221184535558471e-02 9.091049907591564061e-02 1.269128820591740141e-02 2.781051015359689918e-02
5.656113389422899873e-01 4.147013662062597195e-02 9.943379971940088935e-02 8.734895124136748956e-02 1.650432222695434603e-01 1.829568136499205855e-02 2.279686984178009093e-02
5.992507094642164356e-01 4.497363049795415069e-02 1.724557481288581662e-01 6.608785996109470262e-02 5.970304101998100826e-02 1.406818180862230878e-02 4.346082911927335451e-02
4.228962134135795248e-01 5.361728704098610993e-02 2.569786052498359563e-01 5.009646466908158902e-02 1.211649631761791274e-01 8.522486196839086647e-02 1.002160448194672031e-02
5.406713588366430789e-01 8.283419712358119913e-02 1.865501553999055762e-01 2.099275716850950227e-02 1.296376281508949124e-01 2.467907387526753135e-02 1.463482944519829861e-02
3.648588694969336355e-01 1.551317315478330794e-01 2.591722141385758293e-01 5.295497434839586265e-02 5.536278620642470782e-02 1.328191398422121951e-02 9.923751027761555654e-02
5.935802237877711995e-01 3.876223693646424495e-02 1.275471022129481824e-01 4.646088185034820406e-02 6.047139730926967549e-02 8.234045347525428826e-02 5.083770442794412897e-02
5.977945662688103345e-01 4.875729934046131586e-02 1.566582499051834554e-01 7.524476577076602557e-02 8.693618331149492728e-02 2.136422902541568192e-02 1.324470637786796801e-02
6.170900784121756688e-01 4.743221292993789889e-02 1.375788341563539130e-01 4.422940210125912708e-02 8.091361512460717997e-02 5.711966623956481887e-02 1.563619103610141073e-02
4.674348966008921580e-01 4.197265322803533927e-02 2.729132519493700504e-01 3.395663362095127646e-02 1.532308879806902890e-01 1.443043530805646069e-02 1.606124131200442617e-02
6.233219272662833266e-01 4.384730887799862670e-02 1.036615745417183709e-01 1.121896638507142718e-01 5.104695959961724760e-02 4.769937593594507363e-02 1.823318992772298558e-02
5.858073519847787347e-01 3.829343920946321617e-02 1.438000036164675255e-01 4.952086178853067761e-02 8.495996143203181361e-02 8.278476748929344819e-02 1.483361447943446973e-02
5.714388162476623512e-01 5.737134547439944054e-02 1.739508548222791495e-01 3.392064615692720608e-02 4.774914772257788514e-02 1.439219587517201991e-02 1.011769937009818626e-01
6.168321349146305144e-01 4.516551113445928939e-02 1.921068319658688905e-01 2.237421279721504494e-02 7.936418411481549473e-02 1.526072479520630340e-02 2.889640027780438630e-02
6.147393539996366396e-01 4.914234638777453812e-02 1.196571720871154043e-01 1.057666195144080917e-01 5.659647820349222869e-02 3.118132425903735044e-02 2.291670554853578873e-02
6.109636188322137285e-01 5.411426780790570129e-02 1.380351488362236700e-01 5.736575405996606480e-02 1.090906754924773486e-01 1.480577650217154359e-02 1.562475846904187553e-02
6.071486662376649468e-01 4.477456079957797125e-02 1.277569214664894259e-01 5.511169273430815974e-02 6.762676586410487634e-02 5.698220023054000744e-02 4.059919266731468884e-02
5.323570513284916483e-01 4.172190434149407323e-02 1.567543881310309861e-01 3.515424598501467462e-02 1.538771805170452978e-01 2.623392339244668206e-02 5.390130630447653726e-02
5.769084051262242108e-01 4.621646913628500719e-02 2.135743785419280394e-01 3.012584301798193823e-02 1.015858346425737996e-01 1.317517561519970445e-02 1.841389391980734550e-02
6.061278989138934037e-01 4.992912195601122843e-02 1.104451392847157903e-01 8.954161594717016670e-02 4.930204824833383376e-02 1.658351630607890134e-02 7.807065934379665839e-02
5.858553262254367899e-01 4.407185767764702083e-02 1.978437095645770305e-01 4.942634259467527241e-02 8.580526499752598457e-02 1.314544534406063281e-02 2.385205359607735567e-02
5.932662366440821788e-01 4.061108856752084634e-02 1.404774681433109962e-01 6.693237108968332072e-02 7.792265128079775560e-02 1.075820294697197622e-02 7.003198132763298334e-02
6.121529182535397906e-01 4.929835448341954307e-02 1.795299360808242928e-01 6.579337539497341625e-02 5.211208034852556764e-02 1.456805794778232195e-02 2.654527749093506250e-02
6.209192156530161100e-01 4.202007351085300380e-02 1.847245270952639074e-01 4.365391376985924138e-02 7.965116470720583208e-02 1.624941965684666839e-02 1.278168560695532377e-02
5.990367829068090622e-01 6.797023811490104928e-02 1.591428171773834610e-01 5.224289533993047713e-02 7.120929665680190979e-02 9.847681700948972966e-03 4.055028810322503646e-02
5.682431428133305484e-01 4.161677198549677825e-02 1.996741549583399555e-01 9.469142915560732621e-02 5.434995360468846543e-02 2.391802733452009014e-02 1.750652014801687070e-02
5.679235502931131441e-01 4.648715392801455737e-02 2.284428343280743567e-01 6.743633438370238986e-02 4.466861093470927968e-02 1.692777771795303185e-02 2.811373841443333410e-02
5.066470089436416746e-01 4.608239638393821919e-02 1.485255320701635018e-01 7.952910649989444747e-02 5.918828896519978677e-02 8.704756797276945457e-02 7.298009916439289479e-02
6.197439903218305846e-01 5.711779017618649062e-02 1.251233500060402737e-01 7.320313152862346906e-02 4.476586532489265635e-02 5.223564814015048408e-02 2.781022450227588899e-02
5.361730594951984452e-01 7.975775436822747644e-02 1.429255997737648165e-01 3.970384657264432876e-02 6.824835296767189918e-02 6.936248465334063362e-02 6.382890216915243498e-02
5.357696941871746832e-01 4.392467321947702424e-02 2.718179706705036724e-01 3.734783433771875910e-02 7.414760613618746887e-02 2.053476059758397795e-02 1.645746085135435521e-02
5.888041893639129887e-01 4.453891150567403784e-02 1.647370733129381870e-01 4.916990721063096287e-02 4.548213220571403759e-02 2.768069438514748903e-02 7.958709201598226923e-02
4.777962442763532547e-01 4.012155196557479903e-02 2.904131472638388223e-01 1.304425634528446620e-01 3.271748203144892592e-02 1.514552828434077500e-02 1.336348272559878363e-02
6.360166318921104400e-01 4.424802594390706001e-02 1.726587677512498586e-01 3.892017413463674802e-02 6.586426069057148280e-02 1.743671768595587979e-02 2.485542190156852030e-02
5.907434152947615980e-01 3.972729253469426541e-02 1.524550824572096785e-01 9.190686223171841418e-02 6.185073019996731314e-02 3.854216159507733303e-02 2.477445568657129019e-02
5.294310035039611062e-01 5.616963223191980686e-02 2.267630547615679115e-01 9.073849701516334409e-02 3.922751323606501334e-02 1.514647819657277163e-02 4.252382105474998564e-02
4.495420369602067812e-01 4.455095792034100000e-02 1.107744648587268288e-01 3.524126772097885274e-02 2.509942661922396345e-01 9.727213315543564720e-02 1.162487319207121915e-02
6.060384137816144934e-01 5.138413105683820037e-02 1.485156649742062351e-01 7.059067237586605370e-02 6.887009690767667558e-02 2.409979359470730900e-02 3.050122730909126875e-02
4.931160530790736907e-01 4.362035218089733990e-02 2.911014253981379363e-01 2.978274249834485243e-02 6.912590198190296520e-02 6.108403494814221291e-02 1.216948991350107374e-02
5.822966684392508752e-01 4.216466626947263513e-02 1.600490523385515729e-01 3.659274452268389960e-02 1.123609525919909563e-01 1.355200365254798436e-02 5.298391218550219106e-02
6.199401763219065664e-01 4.631761938391003308e-02 1.436629536878509805e-01 7.018883573439847756e-02 4.369611576119473983e-02 2.802405747714540457e-02 4.817024163359383271e-02
5.733847396046977130e-01 5.036573454050016774e-02 2.339054308569097629e-01 3.160177236521552468e-02 7.362030520587918569e-02 1.706600931387339606e-02 2.005600811292422223e-02
5.272080408615972269e-01 4.809488830651235947e-02 1.226879944758024060e-01 1.154313049389709689e-01 1.117917679158709626e-01 5.508361559457642526e-02 1.970238790666949472e-02
6.042983572267677239e-01 4.288786094452759490e-02 1.647519603948245925e-01 4.363381533816357988e-02 9.682194825783557723e-02 1.485284490392355973e-02 3.275321293395718619e-02
5.940279392271720083e-01 4.513891636984875694e-02 1.598554140131184520e-01 3.603234133723340338e-02 4.223093250720960645e-02 4.388682489700855560e-02 7.882763164840939085e-02
5.807967817106445274e-01 4.561865614503823885e-02 1.645485606208616502e-01 9.730084872758151815e-02 8.391670564283992828e-02 1.390838606731915721e-02 1.391006108571486363e-02
4.736909917800001257e-01 4.332161770642493220e-02 1.774260820077386835e-01 8.194246472487379251e-02 8.247830888097897051e-02 3.210818898737628074e-02 1.090323459126072148e-01
5.770974492083743579e-01 4.347867465481523169e-02 2.228798216484214056e-01 5.142958007352563254e-02 7.498665244107882710e-02 1.308806457939629304e-02 1.703975739438814627e-02
6.139798584987069541e-01 4.489425530419832028e-02 1.123186026457519415e-01 1.101675844716399205e-01 7.043335267254960397e-02 2.388904991293579194e-02 2.431729649421741218e-02
4.393006583045662161e-01 4.169738974406625442e-02 6.787258969878461057e-02 1.063631454931966008e-01 2.756302927989220386e-01 2.555216381123639677e-02 4.358376014922793473e-02
6.248915506622634286e-01 4.518951009122498114e-02 1.357137487963033240e-01 6.532539185195410103e-02 5.502112497364493315e-02 5.635396458878483283e-02 1.750470903582431251e-02
5.597385963100495188e-01 4.710991829079285570e-02 1.947316493693980466e-01 3.098799918331944514e-02 1.227099304197322438e-01 3.346810437656912163e-02 1.125380205013884645e-02
5.762288120554140969e-01 4.147549313222469863e-02 2.036191173947488331e-01 2.330976354102709883e-02 1.245926814626519968e-01 1.620387253054023091e-02 1.457025988339315757e-02
5.546594490878083983e-01 4.263671426603862780e-02 1.896740125658527565e-01 2.673233355965238048e-02 1.025246732988749493e-01 5.085003979816780928e-02 3.292277742360512349e-02
5.953096679781515466e-01 5.136414514002136944e-02 2.043769111394019844e-01 2.307814070479297791e-02 8.327203507307825991e-02 1.185768037608250433e-02 3.074141958847152051e-02
6.379326061260235381e-01 5.135684644205787408e-02 1.692933499306736311e-01 5.752784924220447071e-02 5.609925223605022326e-02 1.317104691969698919e-02 1.461904910329317811e-02
4.837017394184730534e-01 2.040114672154579034e-01 1.116521991784723417e-01 6.075732246250839519e-02 6.901564582412746118e-02 4.249651487287425117e-02 2.836511102808643783e-02
6.245638541947917677e-01 4.597847769160417347e-02 1.602057303977327818e-01 3.483072830340282894e-02 3.545953913223912762e-02 6.033265971255660776e-02 3.862901056767271274e-02
4.871256212432168997e-01 1.775698618267445295e-01 1.596772184453644217e-01 6.546090650102084907e-02 6.982804104687929947e-02 1.536028295914490874e-02 2.497806797762903638e-02
5.508437826792720315e-01 4.438438623910063996e-02 2.531162274726956873e-01 5.817388278491669035e-02 5.572994698012858489e-02 1.491231685765172926e-02 2.283945698623472687e-02
6.099496470710473739e-01 5.100644497495228358e-02 1.434260040815517334e-01 7.127075217901690518e-02 6.227093629065149488e-02 1.350329459434503575e-02 4.857292080843519932e-02
5.998804141477729335e-01 4.468423919656256543e-02 1.490879578539401618e-01 9.651569599978912506e-02 5.882180379179777902e-02 3.081740570107413188e-02 2.019248330906342481e-02
4.418653119659889383e-01 4.158187986757510418e-02 1.906061627311152751e-01 2.834675031344255358e-02 2.578883292122459148e-01 1.329027430343614896e-02 2.642129160619603734e-02
5.940532274505724297e-01 4.765323205457401567e-02 2.124349135203160432e-01 6.959263270939518298e-02 3.761611673735956035e-02 1.470063857457441781e-02 2.394923895320839533e-02
4.964383094742561564e-01 4.731714685514478574e-02 2.458094960143759333e-01 1.012556781807067985e-01 5.130273682167066363e-02 1.410612097575582313e-02 4.377051167808983234e-02
5.740742227342509052e-01 4.099996101092702461e-02 1.786041497748306617e-01 6.294254814946627363e-02 1.001606767809442161e-01 1.648983513222694597e-02 2.672860641735392076e-02
4.987026925165428670e-01 5.499427821782484904e-02 2.552863870482652286e-01 2.123168997513660491e-02 1.038535065153689541e-01 3.500985441809698062e-02 3.092159130876440121e-02
4.641145657317795048e-01 4.252908198052306188e-02 2.408886939506324765e-01 4.602730058035919142e-02 1.690668477127443836e-01 1.367721156234818700e-02 2.369629848161316013e-02
6.087509952458330931e-01 4.474110861627353386e-02 1.228421853459244900e-01 8.929038395206739809e-02 4.273816218965808406e-02 7.436076233844748917e-02 1.727640231179592561e-02
6.416139268133034257e-01 4.579165423594991347e-02 1.623734273143720430e-01 4.445726353888025673e-02 6.219596801277604142e-02 2.084075834089356427e-02 2.272700174382492888e-02
5.946876226838662127e-01 4.658662385056280830e-02 1.646006420048067853e-01 3.952855673797536773e-02 5.176220880511041983e-02 1.441577363590479562e-02 8.841857228177368855e-02
4.346440566483927848e-01 6.319357152121941879e-02 2.913377096727683413e-01 4.693247910055782512e-02 1.178885830717407435e-01 3.036409361002796736e-02 1.563950637529297819e-02
5.813469954251949678e-01 5.031504831911993991e-02 2.227766890134854072e-01 2.934344933593036400e-02 7.721581867011327593e-02 2.362269317185463138e-02 1.537930606430146577e-02
6.028272390549200832e-01 4.510407982386928361e-02 2.034244818615269235e-01 3.010964992144597036e-02 8.573295890765221527e-02 2.006629052386026471e-02 1.273529990672527847e-02
4.910665395176282977e-01 4.256183489619096150e-02 2.835215468935182170e-01 2.466507425599484202e-02 1.263719207209952622e-01 1.669597254864759253e-02 1.511711116702486521e-02
4.227759118924464543e-01 1.788409514949194645e-01 1.440027558899058535e-01 4.283384977830400481e-02 1.461782722205622331e-01 3.220124392020356358e-02 3.316701480365853022e-02
4.762854331218184245e-01 4.020794992631171461e-02 2.129865965125024851e-01 6.003893158113340900e-02 1.554049683109166857e-01 3.934004188770322957e-02 1.573607865961400634e-02
5.780125591106965999e-01 4.081279389601569912e-02 1.905374150605948502e-01 5.879839153766752008e-02 5.987095197420862908e-02 5.848022424132753166e-02 1.348766417948927231e-02
6.190174259384261246e-01 4.539117827079977574e-02 1.874122437106642280e-01 5.163414356108830122e-02 5.643310442397805882e-02 2.786599868397825544e-02 1.224590541106521449e-02
5.953470567477853193e-01 4.078052422976278374e-02 1.040498986844704404e-01 6.120937480255676105e-02 9.684895341484313358e-02 2.049668486545155530e-02 8.126750725513004481e-02
3.722753382853716264e-01 2.233652848266783619e-01 2.140918295591986431e-01 1.032897193821821630e-01 5.149778926560057146e-02 2.037481860795610500e-02 1.510522007301255860e-02
4.856165635613847731e-01 4.090247322045885425e-02 3.025027826656178642e-01 2.523159990608643544e-02 5.831916775320188095e-02 7.207227860204408476e-02 1.535513429120604657e-02
5.384747843635975251e-01 4.245742628983478067e-02 1.633102391252243546e-01 2.746755706677685149e-02 8.962509708304201850e-02 1.206844967300993617e-02 1.265964463985146393e-01
4.886412924005545944e-01 4.567441762626631152e-02 2.943269852830789901e-01 1.049592512170742231e-01 3.844803407356497948e-02 1.235357757310172680e-02 1.559644182635921278e-02
4.986508441568412997e-01 4.541490624849496560e-02 1.696690247712177302e-01 6.157927813738596490e-02 1.867833370021473871e-01 1.472640951241782972e-02 2.317620017149486442e-02
5.833766276480334412e-01 4.339035319620770936e-02 1.517001467856041175e-01 9.658797913983327432e-02 8.933225541157659155e-02 2.323616029280943518e-02 1.237647752593536848e-02
4.583029715936117743e-01 7.580964145180417446e-02 2.922328830584836057e-01 4.074012787479252412e-02 9.651823688075850116e-02 1.802789932615834687e-02 1.836823981439112546e-02
6.016467425409349756e-01 4.590485702602857543e-02 1.515950726678164107e-01 8.048663725966286042e-02 5.346540758133960791e-02 1.379236066652316656e-02 5.310892225769432012e-02
5.457093334007934171e-01 6.151463604376959660e-02 1.120660068985701863e-01 6.581765667775783812e-02 5.908633529294781556e-02 3.807953194407755898e-02 1.177264997420837261e-01
5.204785950914420090e-01 5.700126054338916504e-02 1.025727299612309157e-01 3.381962612497199649e-02 7.233332757646908362e-02 3.979698703093184631e-02 1.739974736715650672e-01
4.790554275353861580e-01 4.733847081184543865e-02 2.985732199777368923e-01 4.238422823375057741e-02 4.522393676490826797e-02 7.289797890715292439e-02 1.452673776921983677e-02
5.858248108462381643e-01 3.913084628744203236e-02 2.026854136631124903e-01 9.394832631658014965e-02 4.043615360518577201e-02 2.281065104725739714e-02 1.516379823418396305e-02
5.954017573271617181e-01 4.425177198178213700e-02 1.308162269363913888e-01 8.643119606556802503e-02 5.331342868805877266e-02 5.868723251817839492e-02 3.109838648285963292e-02
5.595034454902353405e-01 5.186871099442003780e-02 2.040746124715820120e-01 5.654388263587348945e-02 6.415760977427963085e-02 4.705831676567405475e-02 1.679342186793543121e-02
5.910852368294787773e-01 4.221863104761120616e-02 1.503192822677555662e-01 2.803196626833929367e-02 1.125183282399598445e-01 1.064605486407848266e-02 6.518050048277687636e-02
5.071502465226757073e-01 4.554782461930569071e-02 1.511853203026889136e-01 2.310900336205752581e-02 1.418389078034952844e-01 1.236973618123336609e-02 1.187989612085434687e-01
5.269621408278860608e-01 4.406314088888771408e-02 1.632892573468395225e-01 2.715130668283880638e-02 7.212005566111168164e-02 1.491547583931917276e-01 1.725934019924454943e-02
5.789518141792001638e-01 4.983414939415384964e-02 1.598794021836483781e-01 1.008383366362054778e-01 4.598154143732526705e-02 3.215925518563548385e-02 3.235550098383135204e-02
6.201037527638428859e-01 4.420305857993758053e-02 1.629527038874496181e-01 7.271727147898379706e-02 6.234626689822470730e-02 1.505327658023416192e-02 2.262366981132713992e-02
5.088713150807572250e-01 4.903747543790148294e-02 2.682328091957423832e-01 5.294090121948232669e-02 6.313706986008335575e-02 1.794449479744593401e-02 3.983593440858727852e-02
5.696774676799948312e-01 4.275627771208145161e-02 2.185561750842280881e-01 4.028345282735427968e-02 4.738103573261779472e-02 2.941362700127812466e-02 5.193196396244525309e-02
6.201167043407350699e-01 5.023872706648139369e-02 1.619797779663539605e-01 6.230922572147602062e-02 5.082031230092595719e-02 1.108010467903922970e-02 4.345514792498841872e-02
5.076045612197763734e-01 4.272011674408403292e-02 1.710768901771559936e-01 2.130915272576775626e-02 1.997235892197081197e-01 1.506680784182174576e-02 4.249888207168597137e-02
4.948595618928652851e-01 4.359757793262398345e-02 2.555537336795146719e-01 2.228005464057572493e-02 1.440460335079060128e-01 1.498560223244915258e-02 2.467743611406491774e-02
6.009010058947293897e-01 4.299268183933249027e-02 1.912315086884884274e-01 5.845706625330748807e-02 6.564677696293573506e-02 1.694077110227880725e-02 2.383018925892782872e-02
4.640875165328338658e-01 4.192849170599280417e-02 1.565845677257576007e-01 4.168021894846445086e-02 2.652941176214242969e-01 1.937426034251744575e-02 1.105082712300954270e-02
5.046183152690097984e-01 4.870931474287554935e-02 2.911356037418272868e-01 7.037391658287202312e-02 5.352115091253607793e-02 1.235780341803854876e-02 1.928389533284068785e-02
6.198938925253276722e-01 4.663871038149039472e-02 1.407090451099781148e-01 1.029998707186983720e-01 4.391317131570648957e-02 3.127913301512833671e-02 1.456617693367061143e-02
5.232691908840835238e-01 4.255460123774564701e-02 1.935909915434595452e-01 8.839383913915563329e-02 4.168647202470616986e-02 9.810733839700773451e-02 1.239756677384169607e-02
5.203164341186221620e-01 4.187056690879559229e-02 1.263928858471530248e-01 4.947001255683541182e-02 1.098353951464920292e-01 1.279803019683974641e-01 2.413440345370429507e-02
5.879644893397486527e-01 4.416847611609749785e-02 2.114001063725465257e-01 8.341008465265688232e-02 4.364125615315399276e-02 1.472945146906631982e-02 1.468613589673002304e-02
5.827151111108588299e-01 4.517962881429084948e-02 1.126555155615513865e-01 1.003233351945743701e-01 8.250853282500637820e-02 2.569896963105153601e-02 5.091890686266682675e-02
6.148609193430257802e-01 4.736546129480568440e-02 1.866208057494400385e-01 4.481573682915258872e-02 5.339283032985143312e-02 3.645030346975841606e-02 1.649394298396589242e-02
6.115877872308640439e-01 5.030114357937974512e-02 1.758199151583766662e-01 2.025009376256430363e-02 9.645140613161176657e-02 3.180916925348781926e-02 1.378048488371565877e-02
5.645541445944305403e-01 4.591405160029748272e-02 2.170216443909500359e-01 2.829204142081075818e-02 9.157741565584916199e-02 3.779496608067602070e-02 1.484573625698607131e-02
4.210428017998405492e-01 4.239560319472920891e-02 2.958505846469040579e-01 1.506104199360077875e-02 1.573228957307908904e-01 1.731766981878733389e-02 5.100940281534710463e-02
6.261261569916298786e-01 5.239327084475591673e-02 1.805856571299127855e-01 3.461091657666793414e-02 6.442764425116405402e-02 1.439947975977008514e-02 2.745687444609928862e-02
3.701554727406439760e-01 4.387727169667098720e-02 2.271676179947039464e-01 3.689417020782107676e-02 2.916910827757832614e-01 1.798715963119152869e-02 1.222722495318524782e-02
5.677902999920048099e-01 4.359441594101763628e-02 2.372723964107318617e-01 3.557456372532866173e-02 6.284955267854902550e-02 1.778551771462755574e-02 3.513325353774054277e-02
6.181778317836605918e-01 4.226354183181173230e-02 1.659401692857918609e-01 5.064810944817045579e-02 4.382972321418882045e-02 4.128007003357157118e-02 3.786055440280493983e-02
6.015341458951656284e-01 4.521388005620181200e-02 1.977959316044306526e-01 3.141535761101672819e-02 9.305296143571396839e-02 1.659358298357012720e-02 1.439414041390104163e-02
5.269753827491185927e-01 4.449353626341932821e-02 8.229353984563562985e-02 5.476917878249984439e-02 1.035028510848938627e-01 1.847226028693434857e-02 1.694932509874984838e-01
4.317070875428957732e-01 4.240299436161561186e-02 2.957273287869462419e-01 7.298236776541032478e-02 9.808665187429473076e-02 1.398162525814180580e-02 4.511194441069564520e-02
5.059587026950289612e-01 4.387653451975599694e-02 2.768135671159002720e-01 4.248448847076589235e-02 9.669243273484665058e-02 1.582222529721570917e-02 1.835204916648647266e-02
5.952122248381304104e-01 4.175766589889962771e-02 1.516487566717992785e-01 1.085525152643357916e-01 4.941449258336524930e-02 1.746901547283633005e-02 3.594532927063343042e-02
5.259394563612301843e-01 4.114949535241607670e-02 2.726124877533981361e-01 3.177531326151718932e-02 9.700621538380092834e-02 1.255087170055637497e-02 1.896616018708124907e-02
4.090173286837287536e-01 1.629801629157277831e-01 2.042212044041699370e-01 7.691072588710681779e-02 6.254110821274233567e-02 5.556829482821920574e-02 2.876117506830515660e-02
6.007182128266029819e-01 4.739729080723645988e-02 1.580877164742099383e-01 3.243552148731157492e-02 7.590641942918135987e-02 2.669553028270188824e-02 5.875930869275580032e-02
5.838058130156995595e-01 4.749162362450664449e-02 1.469725964769893201e-01 1.057203029037524500e-01 6.708444552540906991e-02 2.936509742220693928e-02 1.956012103143623185e-02
6.204023436108687672e-01 4.642526757375430024e-02 1.943550010300749142e-01 4.191119890547894550e-02 3.513437436824576321e-02 3.287714678927092932e-02 2.889466772230652944e-02
5.916415319583764321e-01 5.488836948049034131e-02 1.795830067561218768e-01 6.877205832103071292e-02 6.975352463941268677e-02 1.808755706331258151e-02 1.727395178125538944e-02
4.728686167685970387e-01 3.919031114405849975e-02 3.099679517248989935e-01 8.798768281305237304e-02 4.474315906714285140e-02 1.495192380803197531e-02 3.029035467421823877e-02
4.715742840290093052e-01 4.849490576404547060e-02 3.076613215022578895e-01 7.147166528804564656e-02 4.300907941427220549e-02 4.081286750642202504e-02 1.697587649594736389e-02
4.486017333112115590e-01 1.988829397855881032e-01 1.683816057200601402e-01 5.293318234805305389e-02 4.831322531138929066e-02 3.541242154460643582e-02 4.747489197909156300e-02
4.869915101166377158e-01 4.386200323169882342e-02 1.575322159725915938e-01 4.741638137582683543e-02 1.355931388468344934e-01 2.212205475588952669e-02 1.064826957005211155e-01
5.822798997680217470e-01 3.932883675498263093e-02 2.269277483165110521e-01 5.317859901660976912e-02 5.094976482586767441e-02 3.515793677010183721e-02 1.217721454790521469e-02
5.689802283266559568e-01 4.059332999155254584e-02 7.231159518091588578e-02 1.196107343802848139e-01 1.098634728535037297e-01 6.022170288803280203e-02 2.841893637905425901e-02
6.011046458924272917e-01 5.253814953883498978e-02 1.440679745372943632e-01 7.617104546533677578e-02 7.707191872950214240e-02 1.957323047460680226e-02 2.947303536199763832e-02
