r_sep02_median Teff L Fe/H dnu02_median r_avg10_median Dnu0_median r_avg01_median
2.027532520398220017e-01 1.163058614315356787e-01 1.177717892188479137e-01 1.167480195641826396e-01 9.070029978876126275e-02 1.366102868598608744e-01 8.881378246657378739e-02 1.302967086304159527e-01
2.335873229028506970e-01 9.518547199571246453e-02 1.073567603481086902e-01 6.470120878448562540e-02 3.217755582481158366e-02 2.074606550060666410e-01 2.275811586424131561e-01 3.194986649555111441e-02
3.376531423565712897e-01 1.045060033833355717e-01 1.271364971409704725e-01 5.681714370292081928e-02 1.155136894885265830e-01 1.226372802300585430e-01 9.705715242030910073e-02 3.867909127730768948e-02
3.075418512792658654e-01 1.110967544258936596e-01 1.181021826428545196e-01 6.470696366489296636e-02 3.740996663250502341e-02 1.366720641337910436e-01 6.818060739196012132e-02 1.562896098288369673e-01
2.594978379061816942e-01 6.562909554249113375e-02 1.127465108609389394e-01 7.253934942318961132e-02 9.075144244186765519e-02 2.784270851538653280e-01 8.388688840834931937e-02 3.652179026311641596e-02
1.633566174342928057e-01 1.821262766178295411e-01 1.120296264934158015e-01 7.287366127631851598e-02 6.667357968208341423e-02 1.364610781150948082e-01 2.375500165038854639e-01 2.892914387707971532e-02
2.789006344366102286e-01 1.375220362532040275e-01 1.163720631663070493e-01 2.706449209725974442e-02 1.180578141468530129e-01 1.784465111292907469e-01 1.128647281758331511e-01 3.077172059464195614e-02
1.203649270497241103e-01 1.345262622541254505e-01 1.279434192526291425e-01 1.078607799589178518e-01 6.708187843136351192e-02 2.850884707129764939e-01 1.294947314757293466e-01 2.763953086453416891e-02
3.365547499465557646e-01 1.399175188451766139e-01 1.301930951013308135e-01 4.535628296942609272e-02 1.526016779423046421e-01 1.269914916526005133e-01 3.683618339957284854e-02 3.154900014303285705e-02
2.748110011209382586e-01 8.418922271466011686e-02 1.218927088425590249e-01 4.505865555233891373e-02 4.626280777088066787e-02 2.162707534204817150e-01 9.079337170140977520e-02 1.207214788767316666e-01
8.354602504440789001e-02 1.495123692354916600e-01 1.199776638398429296e-01 1.109530718598819160e-01 2.808033125272289474e-02 4.384224458173703320e-01 2.946615002054565197e-02 4.004194292973658337e-02
1.835059345097840577e-01 2.230199196560383457e-01 1.146300905945737553e-01 4.122879844334550320e-02 1.309508099278886284e-01 1.874516355422199687e-01 6.780709914615767886e-02 5.140571217999207604e-02
6.670937358015423257e-02 2.975496341206136375e-01 9.866618262272108808e-02 2.655073520664412781e-02 7.171330005981824129e-02 3.524542524666637311e-01 4.459261425863074446e-02 4.176390768475411741e-02
2.942873449852647094e-01 1.244656833288292769e-01 1.149414081528670334e-01 6.420878789517592278e-02 7.040010035988462922e-02 1.351551429887601630e-01 1.556918519126801737e-01 4.084968037653803619e-02
7.746742677293630419e-02 3.043912299111155018e-01 1.026826184289618971e-01 4.778482184772222391e-02 6.660904407541980154e-02 3.230580715821439464e-01 4.029391754922102137e-02 3.771286983247938013e-02
2.810342224416513268e-01 1.442699339913333934e-01 1.364632369425251013e-01 3.631903386204118900e-02 9.003175889539688503e-02 2.426212629786642094e-01 3.233093266253834336e-02 3.692961822584970438e-02
9.715722039936151855e-02 6.317719603232790915e-02 1.209782328462925965e-01 1.089261457080110684e-01 7.469275669555350272e-02 4.600799261746744695e-01 2.947135843542311728e-02 4.551716370835587333e-02
2.394123387587868412e-01 1.032596174919019755e-01 1.174676743265844064e-01 5.066840586290119464e-02 4.382402214289474879e-02 3.810952378656546902e-01 2.819264857491332946e-02 3.608005497636282422e-02
2.251062714971532874e-01 5.350755005837679740e-02 1.180092288300506748e-01 7.440702183601867470e-02 2.617147572899472530e-02 4.210422829556476065e-01 4.660148395073910460e-02 3.515468514301927500e-02
1.156275114279426003e-01 1.113145441600161961e-01 1.179658797542899595e-01 4.420646773674145186e-02 5.640185791672902571e-02 4.836520094425681981e-01 3.685541594230155871e-02 3.397631361941091249e-02
9.645765805118554359e-02 1.069866631375680499e-01 1.130837653942981524e-01 4.604676612304509087e-02 2.496939118806728447e-02 3.673458979347233311e-01 2.003931180659291045e-01 4.471674010518335990e-02
2.262227143617347169e-01 2.204598734555174855e-01 1.235833984820728093e-01 2.863982287331907906e-02 1.562714083760935735e-01 1.139997072223155744e-01 4.237580703771396534e-02 8.844726819123296946e-02
7.280575060128115228e-02 1.996360938004592689e-01 1.063955161940623728e-01 1.171197018778595000e-01 2.926013470706576025e-01 1.357726728627444424e-01 3.931196346421756554e-02 3.635695412871801924e-02
2.203584746741904243e-01 2.632604930892371575e-01 1.252731556556954673e-01 5.177277695589628526e-02 1.297990973465904807e-01 1.058588106776715831e-01 7.202812088240760635e-02 3.164907071831110641e-02
7.966733072337230104e-02 4.230292921346143764e-01 1.065918549831883083e-01 3.043870663638835114e-02 1.598475172688155477e-01 8.398736476447611621e-02 3.548883682294032282e-02 8.094909666620467292e-02
2.034128788165900370e-01 6.600232971774669388e-02 1.144633348524498606e-01 5.926343376040972555e-02 3.524456105911936282e-02 4.492841869165397628e-01 3.065758889336534648e-02 4.167168598377921085e-02
5.749345464965256725e-02 3.204005484470301424e-01 1.081787645000289177e-01 7.481398445034882771e-02 1.894838090650588502e-01 1.623703881257256287e-01 4.919879489993904398e-02 3.806025586221604279e-02
1.258893352645011621e-01 3.071429656956766174e-01 1.142456624188990799e-01 5.498382849363644964e-02 1.541135121512026140e-01 1.305303506230890143e-01 5.083009078955955801e-02 6.226425456343560177e-02
2.350846161690202940e-01 1.998275796394506643e-01 1.081452504949992066e-01 4.259021239923839464e-02 1.207573819571719359e-01 1.613849647214003480e-01 5.139504900112634028e-02 8.081494561759290651e-02
8.013870740552603289e-02 1.128715986444002034e-01 1.204324710995873099e-01 4.913236630098859886e-02 8.669152953829378783e-02 3.675582199658588567e-01 3.372621449676838079e-02 1.494488925485767949e-01
3.265688504742713105e-01 7.897210378604549441e-02 1.319984866728181883e-01 7.587890792805777884e-02 1.284144180986307726e-01 1.694950896799020390e-01 3.962915685235431085e-02 4.904298650792005693e-02
9.349003518001865187e-02 3.004754724961021806e-01 1.164726241895274184e-01 4.732767086228326092e-02 9.322583561567630850e-02 2.082933883024088995e-01 1.068383510999959540e-01 3.387662225398723609e-02
3.158330696495307288e-01 1.007701590278516357e-01 1.232192388588136261e-01 3.335142441325690543e-02 1.260046752108221757e-01 1.647107327102650676e-01 4.136484970383018378e-02 9.474585042562963522e-02
1.269900872731870300e-01 2.886559450822780981e-01 1.168663447271655748e-01 4.170680450435734765e-02 2.246178592944768626e-01 9.361977678482229226e-02 6.801293424030252499e-02 3.953024809341014467e-02
8.131366740830069106e-02 2.525654984724041707e-01 1.107672146762568310e-01 5.621874729449165969e-02 5.617521726049781033e-02 1.655101014862442044e-01 3.303369753376422108e-02 2.444158558680404880e-01
1.316942824269277390e-01 2.812157987658841507e-01 1.220665003410341398e-01 6.082416121476570681e-02 1.301676986288153315e-01 1.255906351389322051e-01 5.790816888570816945e-02 9.053275459793257152e-02
2.495926251577017252e-01 9.309294942127793737e-02 1.334400849107979792e-01 1.340475461976637361e-01 1.949879534197289099e-01 1.231613243859177587e-01 3.607547691410745855e-02 3.560203959280435621e-02
1.689537249292910326e-01 2.440879311245713612e-01 1.335626275983298472e-01 5.520611119798336103e-02 5.277828380563285432e-02 1.630811789902933129e-01 3.333457047722009070e-02 1.489955718766781678e-01
1.088617670000572718e-01 9.138056689809466449e-02 1.108903132893693105e-01 5.058791296195321030e-02 3.428675838510150675e-02 5.050603507440175610e-01 6.589532971332194566e-02 3.303700100808452944e-02
1.277339214383015065e-01 7.717812066180189390e-02 1.179219694981425565e-01 9.263847623548804311e-02 1.677685896255841358e-01 1.622959770584176120e-01 3.662596729680994700e-02 2.178369781854542775e-01
3.374117545056377065e-01 8.268372300892927462e-02 1.136087921832447251e-01 4.691124723028911037e-02 1.582702705872787441e-01 1.510447556153020898e-01 5.450518817244716374e-02 5.556426869687122738e-02
8.183880749986417735e-02 3.109634039103525427e-01 1.122932011167646765e-01 4.524533116875831262e-02 2.349690302967625544e-01 1.079112659812177383e-01 7.096641527625155432e-02 3.581254475002856180e-02
8.211354606162007963e-02 8.869328836743942124e-02 1.001712079571810826e-01 6.342908898769610004e-02 4.602138701691928235e-02 5.020125310821386133e-01 3.037954018307288326e-02 8.717941034393246469e-02
3.371575672779808519e-01 8.405216344160440500e-02 1.231290215996838355e-01 6.303182132364017198e-02 6.207169421704639839e-02 2.558005275757513908e-01 3.993263254943701240e-02 3.482457201485595483e-02
2.604702978063968000e-01 6.630953104573814039e-02 1.185167862800537153e-01 8.924014076358706415e-02 1.897444678642069282e-01 1.440619958167687065e-01 1.009537600928883672e-01 3.070302033036017425e-02
1.621460114261381869e-01 2.460435118199086335e-01 1.177279728686697613e-01 6.854329920555456146e-02 1.342356836157149735e-01 1.326462562600346506e-01 4.528601703059161043e-02 9.337124777338745574e-02
3.457764779536348643e-01 7.813336970508284740e-02 1.390577146807919495e-01 7.887679112235589096e-02 1.244332759100926777e-01 1.379595059446693806e-01 5.259157073845130426e-02 4.317129394492107836e-02
1.961765762028394866e-01 1.089418564583217175e-01 1.095256356516687984e-01 8.853886188490837916e-02 9.168330253894597937e-02 3.221371286254486321e-01 5.511878582122842901e-02 2.787785281663855697e-02
7.308146520975430938e-02 1.119287835909640455e-01 9.519174571691857434e-02 6.414712071200760757e-02 3.203808614624163026e-02 4.176434669149081680e-01 2.969654394793471569e-02 1.762727877612709770e-01
3.341455920717904537e-01 7.125350682245787381e-02 1.391246348576640479e-01 6.512590014350305712e-02 2.091578271382950327e-01 1.141434843516601627e-01 3.801403058457913930e-02 2.903502403005031249e-02
3.038723220431334138e-01 1.007383388102054828e-01 1.174682734186385663e-01 3.822528619629492891e-02 2.126328682932295544e-01 1.340192018455611533e-01 4.696158197776838239e-02 4.608212741516864303e-02
6.504454086921596101e-02 2.346082723765396671e-01 1.128145932232164778e-01 1.454779738213842488e-01 8.308504770903651915e-02 2.890799125121973345e-01 3.598479822897841102e-02 3.390486125943137363e-02
3.497307603295951028e-01 6.344045202997126986e-02 1.321334878842535532e-01 5.364469975395982221e-02 4.662434793415908690e-02 2.790705963057363292e-01 3.800427855887741901e-02 3.735137720344744450e-02
7.857999679529238668e-02 1.434145379401665921e-01 1.213016532314860341e-01 9.815397992855555420e-02 1.131940394751026341e-01 3.026043503330112516e-01 1.016723086384139080e-01 4.107913365797166011e-02
3.186079356768992121e-01 8.537156289155865829e-02 1.255235840510986745e-01 5.150129688061189787e-02 1.425842819959916574e-01 1.380822373962389271e-01 1.008208853347380418e-01 3.750821577286286845e-02
1.216169160078275774e-01 2.706354669915290168e-01 1.045297339831929295e-01 3.752330676621446620e-02 1.538113638069479039e-01 2.401300479637808183e-01 3.423084901533707952e-02 3.752231546517014599e-02
1.487215323555575730e-01 2.328856531724796675e-01 1.081471588335444628e-01 3.843086414185605676e-02 5.347981622676014485e-02 3.359206133571686625e-01 2.698590747646621713e-02 5.542845443616731260e-02
2.990980379477604645e-01 1.258755272318695106e-01 1.212283249471853563e-01 5.256213850815154298e-02 1.809543449379636126e-01 1.035069411996970834e-01 7.410744886368036966e-02 4.266723636369195577e-02
9.251419416716918920e-02 1.824891027592231152e-01 1.002533630355710165e-01 8.643083208659707584e-02 7.859535606018799858e-02 1.637704857198282182e-01 7.305305625227279109e-02 2.228936099191505538e-01
9.236299758549945671e-02 2.917010793069602093e-01 1.060391679909979679e-01 3.911738325217459233e-02 1.541233771167643818e-01 2.278139799213058370e-01 3.345405630107815137e-02 5.538795852521941065e-02
8.722392219507674183e-02 1.055276093358848005e-01 1.041797713957149235e-01 3.869196009520995544e-02 3.019978465719071539e-02 5.540137476037997333e-01 4.421709736289723691e-02 3.594610735422595210e-02
1.007221488940891474e-01 1.245969609831522190e-01 1.090001968578392655e-01 2.771517074321634688e-02 5.216591918484392992e-02 5.089558875028651341e-01 4.098009476371227561e-02 3.586362107028185503e-02
3.392661410412309841e-01 6.098467551804150066e-02 1.362531218772603803e-01 1.311165749223089927e-01 1.480619037343942901e-01 9.509412872384731541e-02 4.246937698885006746e-02 4.675407719406639989e-02
1.822516170317100559e-01 2.430827049582615640e-01 1.232055227933888664e-01 3.855283199221793550e-02 7.385446351756685957e-02 2.689778628001216476e-01 3.185578922275870972e-02 3.821920768397419482e-02
6.595659358757344215e-02 1.038738128157732643e-01 1.023915864968778094e-01 5.547865689290683300e-02 2.238439827064200166e-02 5.674495264966523678e-01 3.942977921663922553e-02 4.303564622293500064e-02
3.300760592519678682e-01 1.122828324581348486e-01 1.333605506256473894e-01 4.752091332679250768e-02 8.771272785243847125e-02 1.482125827401177542e-01 8.234321589735175972e-02 5.849111784754951193e-02
3.025699660730876706e-01 8.475193992155093115e-02 1.136976678206170072e-01 5.008060678097491641e-02 3.879152302047191025e-02 3.258592907454143650e-01 5.527745466665768409e-02 2.897155097122564721e-02
1.569037291998769401e-01 8.871818105993990733e-02 1.080385216300299295e-01 2.413620112267931550e-01 2.490251593885405845e-01 8.381666391256917259e-02 4.102122982505543997e-02 3.111450375719476344e-02
3.274712644065744804e-01 8.076387928767585211e-02 1.109850371280414472e-01 5.860850682881597190e-02 4.736532996185811861e-02 3.073311279550670072e-01 3.355594013926503638e-02 3.391891429270203068e-02
3.258452502524906702e-01 8.513202415158403757e-02 1.316761009767645485e-01 5.774521107998249747e-02 1.256831536852927866e-01 1.721812535985589310e-01 4.748190074348542650e-02 5.425510551184115765e-02
7.223218480581183876e-02 1.061870725553299283e-01 1.056257349659364686e-01 4.131523299000702115e-02 2.715231498000171204e-02 5.720004716950846113e-01 3.518818101908813972e-02 4.029880698874040851e-02
7.494879236737120309e-02 2.150919169179157930e-01 1.108113416281695518e-01 1.117569601520880807e-01 1.270388891903604656e-01 1.498407143434190847e-01 3.998050983524848584e-02 1.705308755654273145e-01
2.377005519450759441e-01 1.291686377511405137e-01 1.208727988789080748e-01 2.981303877293334931e-02 9.858604603704973490e-02 1.169137714820849827e-01 8.860074731873411602e-02 1.783444078140732081e-01
3.381044399109217613e-01 6.972382259274546856e-02 1.347202739679547456e-01 6.450736291941196188e-02 9.704010834979541478e-02 1.262026426096219123e-01 6.312225505638525969e-02 1.065790945931635592e-01
6.880655942567712180e-02 2.411685410464364798e-01 9.630571685018059214e-02 4.019561040656166595e-02 3.536462137789091881e-02 4.373527738851292757e-01 3.796950264668726843e-02 4.283667436143666352e-02
2.755764188821488991e-01 7.114856657665472039e-02 1.200458992300239974e-01 4.609720649092757805e-02 8.865176004294440804e-02 1.158532996204062471e-01 2.447926004512007425e-01 3.783424870569336573e-02
2.523127026593514621e-01 9.152766878942918127e-02 1.070010096331549254e-01 4.201820641002386447e-02 2.821357923321480762e-02 3.809754963418891527e-01 4.524050617607479341e-02 5.271083075686196218e-02
3.524042446322986355e-01 7.863690906933040736e-02 1.291900896222869244e-01 4.674449382781643153e-02 1.555728277447110952e-01 1.428359694210876440e-01 5.917278798351659208e-02 3.544267769895233927e-02
2.648372359734952886e-01 6.827830998602274493e-02 1.285942161421288199e-01 8.390264624888431333e-02 1.981294803902845514e-01 1.508285868067677504e-01 5.504092183605494709e-02 5.038860261636153581e-02
2.820483440292815835e-01 8.413555189144170110e-02 1.199618507434936227e-01 5.788911277240461201e-02 6.391246189685681478e-02 1.919308034488624304e-01 2.828223946066638073e-02 1.718396357569928479e-01
2.025106506007117724e-01 1.299793522760107345e-01 1.186424879887930800e-01 4.324571540283032867e-02 1.008609341951690469e-01 2.672486811924569272e-01 3.377473316607895737e-02 1.037374451779490697e-01
3.336025843889903753e-01 7.210263490584818691e-02 1.186693970266646664e-01 7.198142950262938211e-02 7.910840665842167052e-02 1.606331739979683093e-01 9.289333843748644182e-02 7.100903508199102321e-02
3.358422311361755619e-01 8.163180910401715562e-02 1.144449100361719512e-01 4.310495753707653532e-02 9.330227489590202372e-02 2.430345508069257920e-01 3.727320074759222363e-02 5.136606573613875654e-02
3.039267114549364934e-01 1.028764990392290885e-01 1.213989360631354958e-01 3.709814241897181619e-02 1.905986316678612569e-01 1.574031877798204304e-01 4.313589169425030567e-02 4.356199988179506460e-02
3.444364270902194880e-01 7.475223821040700989e-02 1.286537785707965731e-01 4.510195189488001855e-02 1.025769699276960628e-01 1.094410244395518234e-01 1.599331990337516940e-01 3.510441083269730256e-02
1.820082473162597247e-01 5.918864963896221937e-02 1.687358191632999938e-01 1.131482902129075097e-01 1.641961364844681803e-01 2.316352010259615513e-01 4.786359356313352187e-02 3.322406259500716025e-02
3.107400342967356899e-01 5.393055597226641823e-02 1.258694984052769750e-01 7.002630565168596610e-02 9.011938339072952941e-02 2.730673973575792890e-01 3.782601148671440455e-02 3.842081343901181112e-02
1.441500842722407694e-01 1.638219983848721029e-01 1.013655070659878754e-01 4.873332073165762696e-02 7.109685747768162978e-02 1.944603803274897180e-01 4.628562613820035726e-02 2.300862256018698648e-01
1.172396576544427887e-01 8.150936376753560586e-02 1.116094950358696852e-01 5.071988497372224847e-02 4.278610430850034174e-02 5.186594157886340595e-01 3.229584726136783268e-02 4.518023120992750719e-02
6.416072411817229371e-02 3.150709101940267765e-01 1.047730746716854372e-01 3.860086469483345328e-02 1.766134702409379309e-01 1.802824845544698518e-01 3.015153671515208647e-02 9.034693481072217369e-02
7.819364995090739845e-02 8.463562860043037650e-02 9.892288503632457042e-02 6.777534864123922753e-02 3.106412529363765385e-02 5.648317914814102725e-01 3.295794635173737025e-02 4.161862464431313746e-02
1.274662642736916762e-01 6.723928502384496353e-02 1.396125476532324994e-01 5.632881791466516630e-02 2.566220207325138267e-02 3.020919315460072752e-01 3.506664713537240713e-02 2.465323043799346470e-01
1.372261726993870001e-01 9.512205989022162744e-02 1.116001666363688055e-01 5.726543110333894709e-02 5.902071115344561386e-02 4.526045121790893688e-01 4.091814228903298961e-02 4.624280404911570302e-02
1.123790276564528984e-01 1.935771834746035647e-01 1.073679060456386031e-01 8.595255241942414970e-02 2.549104418666178207e-01 1.004154995527157812e-01 7.472003910865201992e-02 7.067734987589516238e-02
2.407193994857828312e-01 1.645010988533429364e-01 1.123765222183872453e-01 3.633658221146715550e-02 7.187706147865736972e-02 2.084502005246933187e-01 1.381155291030372601e-01 2.762360612463183804e-02
1.545584277308256760e-01 1.985650206238110671e-01 1.102653186614755421e-01 7.342181625052315863e-02 5.144626788498274372e-02 2.490640184247489008e-01 6.111451457888054245e-02 1.015646158447525010e-01
3.198241203906336261e-01 9.789207846013696368e-02 1.319055155993138218e-01 5.542573914093001930e-02 1.007733579967839549e-01 1.982776668401901310e-01 6.473230869889406991e-02 3.116921287311734054e-02
3.259933445516566275e-01 9.580869522274468308e-02 1.233310969499048226e-01 4.809933296932594748e-02 3.789815627854142832e-02 1.824616028281023095e-01 1.459254881540373860e-01 4.048228304568680241e-02
8.662177872678916701e-02 3.089217742399010258e-01 1.166483773446078537e-01 5.507025622391076985e-02 1.697013923948663405e-01 1.931472569392163052e-01 3.264979413781816248e-02 3.723936999289036154e-02
2.133572265010028057e-01 8.045542378373800319e-02 1.153090690494897319e-01 8.065205340033201886e-02 7.465581947328939205e-02 1.526285596395969835e-01 2.393596574562152079e-01 4.358219069633585685e-02
2.475800054454386223e-01 7.792846603104183756e-02 1.460858105117808226e-01 4.718384509508505298e-02 8.546928212187031304e-02 2.994505281246623296e-01 3.534194444883423381e-02 6.096011822128677426e-02
2.006222614082440736e-01 2.405480906840138378e-01 1.297004478920922022e-01 4.779946510547761901e-02 1.285002701581871021e-01 1.598147824565545883e-01 3.760683930811638959e-02 5.540784298731413204e-02
3.414237528731235427e-01 7.604821004684753083e-02 1.364402741401160302e-01 5.101738130335436300e-02 5.843589572066564680e-02 2.617402392493953234e-01 3.200276222595241360e-02 4.289148444054519116e-02
2.558259184991893975e-01 7.140762553971488624e-02 1.315075573938669085e-01 4.515809043210687601e-02 5.687858257837723197e-02 2.965662827613216312e-01 5.448402245966537522e-02 8.817192033575771415e-02
2.954112399983446213e-01 1.097546786573475042e-01 1.101012605627262886e-01 4.576268562501076276e-02 5.655566833587769709e-02 2.919781314968092345e-01 5.519785027159535007e-02 3.523848505228841660e-02
7.791712840798556416e-02 1.245981259666940760e-01 1.103398152404320848e-01 5.226170140790163676e-02 4.829662129612172228e-02 4.805333463402188254e-01 2.729401526963737626e-02 7.875924607100884267e-02
3.053387565637954992e-01 9.673942227028939356e-02 1.287342738458205349e-01 7.610388114200906939e-02 1.690226261851029144e-01 1.165411833873620379e-01 7.580546295676786339e-02 3.171439364885247220e-02
3.429899146331978899e-01 5.448060934994383014e-02 1.317739037464654428e-01 7.152307336520537240e-02 5.335059432073310792e-02 1.906028109686860594e-01 1.113009049110119525e-01 4.397818870475649761e-02
1.401355195024618638e-01 2.617806354362967602e-01 1.104461647535683183e-01 5.795749568942082375e-02 1.697807048016196085e-01 9.619685548723906632e-02 2.863086161739883048e-02 1.350717627119948083e-01
2.286444258183018552e-01 1.721437376063317259e-01 1.236033209052367493e-01 7.267314942676524059e-02 1.007031358709276764e-01 1.811848911476743318e-01 5.118617425539066096e-02 6.986116496937180842e-02
1.022555908106299455e-01 2.292465148542955633e-01 1.190147833240106368e-01 9.868876127574617574e-02 8.494173285957605513e-02 1.899259203158529807e-01 9.598804152569817560e-02 7.993865503419052276e-02
7.276198855558850542e-02 1.563931582693529887e-01 1.196730727227645619e-01 1.266072530130744056e-01 1.892492219966281641e-01 2.701732839281775767e-01 3.193098697203763936e-02 3.321103454237617214e-02
8.332893525402659818e-02 3.031430974236533071e-01 1.107742846141694798e-01 6.758252907342064686e-02 2.051865672225078596e-01 1.287013528720837297e-01 3.719883031264509254e-02 6.408440322749328621e-02
3.156085159732223699e-01 5.684525153983136653e-02 1.471471413833554676e-01 5.026971120561366663e-02 7.623884961533095028e-02 2.735749453298855771e-01 3.561241240671925157e-02 4.470317254604130180e-02
1.613076363684481374e-01 8.420295727981438882e-02 1.212630438507813491e-01 6.651853234631190104e-02 7.823803424035628840e-02 2.069385014060446670e-01 2.000907464452936768e-01 8.144054806294946658e-02
9.182917199135730291e-02 7.396788874639556588e-02 1.069641735153753909e-01 5.853445403505812272e-02 3.002531013701326482e-02 5.601440192268715146e-01 3.736669703896237232e-02 4.116828530896645549e-02
7.962730194991861354e-02 3.234155036785883452e-01 9.864854343115321555e-02 2.545823808981672112e-02 2.695118023988677392e-01 1.300583717481109125e-01 3.338412475558213272e-02 3.989611394796243465e-02
2.971134712206348061e-01 1.413018028838408380e-01 1.097782106327911955e-01 4.066705605392599565e-02 2.137169130414101892e-01 1.255155228852600502e-01 3.869792982164562550e-02 3.320909346049130684e-02
9.195200978912114465e-02 3.002500189559678678e-01 1.211935233351844887e-01 5.017574044757028978e-02 1.413271690771132350e-01 2.088239515967110771e-01 4.512695312276899379e-02 4.115063367556285462e-02
1.144956929414940733e-01 8.857217543837250795e-02 1.500782590251439896e-01 1.006455923860210822e-01 1.041931617445844976e-01 3.734998934413126248e-01 2.938930417397087047e-02 3.912592084910036100e-02
8.106361738120948512e-02 8.650844307449183368e-02 1.059632035789653676e-01 6.732986672644122872e-02 2.446789357896227840e-02 5.592482786441324016e-01 4.229851066098561790e-02 3.312018635481171064e-02
3.476945346406256632e-01 7.246082332600650711e-02 1.386257267861527309e-01 5.391009333755129168e-02 1.159942255593501420e-01 1.879664454348066172e-01 4.095327129955201456e-02 4.239487961595508198e-02
3.439368130614104402e-01 7.837400996534243935e-02 1.277688347091461563e-01 1.043517434838541758e-01 1.349037699430739312e-01 7.240157300498051285e-02 4.172539894579801317e-02 9.653785688639442142e-02
3.407799729854401050e-01 6.885451942302216188e-02 1.386715904325449278e-01 5.066720834082730912e-02 1.356412906560351683e-01 1.648256145719575461e-01 5.864464098204665021e-02 4.191516260812620104e-02
1.860981531281135359e-01 9.806412163362517032e-02 1.085150595692467718e-01 1.195508679638994376e-01 5.754405502594521493e-02 2.284791359991484305e-01 1.374958916498226491e-01 6.425271503019865105e-02
1.103760740850941446e-01 2.999024036285014017e-01 1.292072623543655818e-01 5.736094531903123545e-02 1.204325342891153366e-01 1.128177400950909209e-01 1.156376127783182439e-01 5.426542745048332228e-02
8.593926675078605859e-02 1.101539619349464205e-01 1.112642350635624916e-01 4.400679834894950099e-02 4.025461228946908970e-02 5.349413222557696246e-01 3.699191111307317814e-02 3.644789224344362893e-02
3.235885597609398090e-01 6.924630533910627883e-02 1.256141884656776508e-01 5.301529648497323166e-02 1.158424799913177206e-01 1.660254143570883967e-01 1.186695965907906825e-01 2.799815901010620917e-02
3.184537461095276467e-01 1.212433833947672152e-01 1.091931546925046376e-01 5.647437894534480807e-02 1.536342535773239648e-01 1.563257516284869975e-01 4.224662583493801749e-02 4.242870581710673356e-02
2.809601123111573617e-01 1.484539128374766648e-01 1.300071716438799818e-01 3.058442787000763968e-02 2.276543292833773657e-01 9.808749093481075598e-02 4.424544692743296453e-02 4.000710819185721023e-02
1.710423587127633260e-01 2.385298190022716036e-01 1.175224424691499459e-01 6.108375490782712997e-02 1.535947615568472868e-01 1.802775353544263659e-01 3.729959517194817581e-02 4.064973282476620764e-02
9.306487772463718777e-02 1.005902862941093906e-01 1.030709924085894957e-01 4.388046905495249922e-02 2.640470970191034078e-02 5.587128633662633570e-01 4.287626222324416453e-02 3.139953922629346722e-02
1.181481455666176378e-01 2.822727081385080217e-01 1.144785231561343819e-01 3.596122815304399201e-02 1.315986906319410454e-01 2.448398170212972569e-01 3.315678303846084779e-02 3.954410429399684429e-02
9.912543239626521452e-02 1.029057752555777305e-01 1.132854193705884055e-01 3.483416413154372809e-02 2.964938476888838090e-02 5.403209489413289823e-01 3.012815081358022687e-02 4.975072432222747698e-02
2.864301902976840730e-01 8.713089973702947688e-02 1.238256405649411501e-01 5.631313704850696850e-02 1.515235015550553954e-01 1.949681364937715933e-01 5.722399319067866114e-02 4.258450111233263308e-02
3.144350498491985668e-01 1.091197148443230625e-01 1.256933972265786570e-01 4.063375725879996014e-02 1.045584444058742374e-01 1.882522340665734317e-01 5.546669493886009772e-02 6.184070740979206310e-02
3.191226150104267134e-01 1.003675405030019924e-01 1.175581579287928863e-01 3.525569417366913871e-02 1.689731509712883162e-01 1.748133165348560725e-01 5.400283414938425453e-02 2.990669072858066074e-02
1.573054691006109673e-01 2.724097981097048926e-01 1.129258018616512427e-01 4.918664026911608034e-02 9.573353732436175323e-02 1.198783697945506321e-01 1.517962701475350229e-01 4.076411339246936022e-02
3.396085398605806493e-01 7.941579715306719411e-02 1.341095487588228607e-01 6.019440498069091039e-02 3.931057804992944132e-02 1.928733432938613268e-01 2.670608863937623881e-02 1.277816992636713611e-01
2.718976261021087137e-01 1.592846367505895422e-01 1.176318499250905009e-01 3.295604757607896451e-02 7.477512984748518887e-02 1.688651378675490033e-01 3.562557868322359378e-02 1.389639932478743956e-01
3.446196305784880454e-01 8.543608350299866649e-02 1.240507870306924026e-01 3.715303920880110716e-02 7.149361744957001552e-02 2.603501267277150144e-01 4.263035353824463913e-02 3.426636196349014396e-02
1.371318871284172569e-01 9.727792401832627278e-02 1.035930247523265402e-01 1.205043844746215842e-01 1.043082297323262159e-01 2.155871714516892912e-01 3.188158946661963367e-02 1.897157889756731219e-01
1.771912045675558545e-01 2.441932152757321506e-01 1.192251688339051457e-01 2.757584165990349667e-02 1.473993843030006745e-01 2.007853927877548961e-01 4.082923944566373836e-02 4.280055312648412685e-02
1.024799523456393635e-01 6.769336594011247932e-02 1.139651805912600263e-01 2.530352516103312466e-01 1.059374559190419118e-01 2.439523201668997721e-01 7.910562791390889081e-02 3.383084551280622632e-02
7.920053092388257276e-02 1.900809759297376889e-01 1.069665280689464232e-01 7.164473547115295105e-02 9.670244497422408880e-02 2.700727340866527770e-01 3.061776923766547365e-02 1.547142813077380386e-01
6.863430916198570708e-02 1.548801709629772094e-01 1.019846295131670716e-01 5.150997143732043843e-02 3.214609708388098397e-02 5.152459762115481068e-01 3.999187483801367599e-02 3.560697079110691082e-02
9.890471003656133020e-02 3.074834304993115386e-01 1.065539512855449011e-01 3.931984070646531160e-02 2.082059900018149723e-01 9.581819412513774281e-02 1.013645341736582467e-01 4.234934917150604688e-02
2.643710245348750432e-01 1.271427920584501658e-01 1.546951373132245677e-01 2.890262213628228341e-02 4.337748854779330254e-02 2.880184058360577004e-01 6.110877598528286631e-02 3.238375358803412957e-02
9.875854535443560900e-02 3.143493455595819386e-01 1.268625718126254187e-01 6.118988070329647172e-02 9.550887753681820691e-02 2.281296858569888675e-01 3.218468757798510077e-02 4.301640559826851867e-02
3.381715398956492424e-01 9.405345635364577295e-02 1.479266711559738823e-01 3.516631893309912771e-02 1.097454984863150684e-01 1.697782782517657796e-01 5.261719517973519750e-02 5.254104174381599851e-02
7.406555525621615066e-02 2.880923295238139725e-01 1.000935155361045020e-01 4.894393534808109958e-02 1.339040165787235004e-01 2.690973234796348312e-01 4.092071331662248956e-02 4.488261096080346790e-02
1.514222067724823317e-01 8.060866734794566724e-02 1.080493051593298948e-01 1.073898595320067484e-01 1.098162423114852765e-01 3.562467037356199517e-01 4.398309609614028948e-02 4.248391904498983324e-02
3.198635658558288686e-01 7.217748302193205401e-02 1.430179266599584664e-01 4.534492246881842437e-02 1.402712402806249870e-01 2.097556626609165531e-01 3.265929995097088812e-02 3.690989910094966825e-02
8.564756228171636898e-02 1.674259427555764290e-01 9.607225391425726346e-02 9.426191125390349923e-02 7.043968330547151213e-02 3.303929778235419334e-01 1.200758808090867935e-01 3.568378785644622797e-02
1.252628873777853480e-01 7.928653111477526605e-02 1.105391240312511153e-01 6.595001316031788574e-02 2.531968224934985634e-01 3.017777869032154392e-01 3.527219682587541538e-02 2.871463809328101552e-02
1.711714684486084770e-01 1.049122432851201103e-01 1.307255746644689354e-01 3.250432364885404157e-02 3.819253838239160953e-02 3.658658233077412558e-01 9.501117743440094798e-02 6.161685082841456690e-02
3.474831203250028366e-01 7.416071057260616162e-02 1.287093923130560036e-01 4.983610752920307474e-02 1.201251155644431079e-01 1.907344555311637768e-01 5.425728316567779430e-02 3.469381499884711950e-02
3.020284668906657033e-01 1.186323840138251706e-01 1.338022856782128955e-01 4.769169532050451105e-02 7.034690791105001340e-02 2.287113366998664021e-01 3.336797075936791951e-02 6.541895272650732895e-02
8.272967141866635621e-02 7.114823307321739565e-02 1.193535220591454282e-01 5.008595987480021078e-02 8.737400364161748700e-02 5.165809741219706819e-01 3.390569222033378016e-02 3.882194359024870867e-02
8.545558251715366926e-02 3.254697703884314453e-01 1.135519255904817587e-01 2.974479895264735621e-02 1.160436639366905637e-01 2.497152175264979457e-01 5.237306537680768564e-02 2.764597571128958597e-02
2.893322166026378039e-01 1.146524043612310167e-01 1.110105282989292119e-01 3.437607748776350808e-02 1.525369020311524437e-01 1.837883831635936938e-01 7.871245322674831624e-02 3.559103482794410966e-02
6.186527353142592250e-02 3.018297213760248177e-01 1.118537293857045228e-01 5.782631408014039798e-02 3.815513928079770911e-02 3.485602951293784169e-01 3.734070174841667283e-02 4.256882546811141532e-02
9.025515230136206546e-02 2.049354348760403788e-01 1.097841326009580815e-01 7.571044062002706132e-02 1.093233293750952156e-01 2.306768974139394024e-01 4.596919468843969903e-02 1.333454181241379988e-01
3.119562286096627668e-01 8.802971407373282042e-02 1.174864866420325810e-01 9.146936750573754493e-02 8.510809582385692185e-02 1.231814656629880295e-01 9.517521304328580012e-02 8.759342863870357709e-02
2.147601155602507361e-01 2.540755144358310957e-01 1.143176859963653813e-01 3.843004308047989759e-02 1.049375425635253600e-01 1.552618912605510659e-01 8.250686563084209946e-02 3.571034147215432913e-02
2.575690619573496876e-01 2.355330859311014768e-01 1.031024437922597042e-01 3.064824508645811602e-02 1.243181138026721450e-01 1.275754873262012201e-01 7.876551407212925571e-02 4.248804803182829742e-02
1.106739454054960353e-01 2.244089525131269525e-01 1.036451701658010066e-01 7.641257538829521190e-02 1.584156391996427993e-01 6.650509462980731812e-02 5.458230340844069661e-02 2.053563192893900768e-01
2.997332489573367176e-01 7.433250571856044042e-02 1.227174536845961894e-01 5.060345152507151473e-02 1.383722298837406217e-01 1.867216089378714028e-01 4.264946671640673648e-02 8.487003457641620341e-02
7.763821882674994124e-02 2.510250490027681192e-01 1.074025494054989954e-01 3.538477092552836517e-02 1.438854129307992891e-01 1.930947814940315588e-01 1.578169050197410772e-01 3.375231239488270252e-02
2.595165337569893538e-01 6.794937107183501857e-02 1.252808793876417359e-01 5.149315454672007131e-02 7.720565935038875560e-02 1.627960198570870543e-01 2.117692039765701473e-01 4.398917805276800208e-02
3.523808030824647219e-01 5.390809703412628717e-02 1.461583885633079005e-01 6.477827870557044398e-02 1.163521681999814539e-01 1.745508741656351670e-01 4.787844177360971870e-02 4.399294847530431374e-02
3.296657862630067992e-01 9.129480228290025312e-02 1.261774604091783492e-01 4.309279587813098777e-02 1.142377521214052311e-01 1.732024160144761959e-01 6.553919538017134727e-02 5.678979165073087115e-02
2.857880073770407980e-01 1.410585093139136714e-01 1.123879076187416365e-01 6.229830702898858652e-02 5.742783357783699805e-02 1.094655443484475188e-01 1.963295106122903144e-01 3.524438012274037912e-02
1.769268644223522258e-01 1.951310058125712843e-01 1.119539625903438751e-01 5.580795539649492654e-02 1.357480916290160766e-01 1.215055892108389268e-01 2.502671473428344506e-02 1.778998162040993647e-01
3.411999756235520875e-01 9.407400294389882400e-02 1.221143833571054355e-01 7.164100734602540932e-02 1.121142413183619513e-01 1.283351228464305049e-01 5.028789498263337709e-02 8.023337158199235486e-02
2.430379354385159563e-01 1.953502630787127547e-01 1.145862510503076193e-01 6.517495545784224298e-02 1.751703798988961946e-01 1.322049592547069607e-01 3.356872265471797651e-02 4.090653316630008668e-02
3.441457270662815482e-01 9.479614702107294621e-02 1.220925932549926790e-01 4.022656138303443152e-02 1.291302813378663317e-01 1.952887750907874864e-01 3.156362869468977428e-02 4.275628615127472637e-02
2.165573108579915418e-01 8.729905730377598982e-02 1.049025334497741407e-01 8.649206313398004331e-02 5.582827322833321809e-02 3.743372131261737956e-01 3.172147280961646471e-02 4.286207609035486837e-02
2.569378783313286396e-01 8.570582522197228714e-02 1.111272121527308587e-01 6.773499461590877513e-02 1.014661683477915549e-01 9.376160345955722453e-02 2.238891000435331013e-01 5.937721782717756552e-02
3.199921901639081745e-01 1.022048890763210122e-01 1.216620795981825376e-01 4.224917971445603382e-02 1.391706628175452265e-01 2.059672793425725845e-01 3.364705297064742029e-02 3.510666631636704532e-02
3.537220573230255849e-01 7.896641699002591996e-02 1.491956078856892243e-01 5.572189836267261998e-02 1.474155039722853111e-01 1.407127788484361097e-01 3.787066096714472585e-02 3.639507565072050421e-02
8.735994467447906475e-02 2.041935717552949558e-01 1.028342971486096158e-01 1.056740153468428284e-01 3.956269505898744876e-02 2.586502914411757392e-01 9.007743607348206449e-02 1.116477485011282966e-01
2.820396650532979721e-01 9.046124569796307191e-02 1.225807033302504373e-01 3.259085543928464529e-02 6.291794582777333888e-02 3.286226596673523792e-01 3.833514001836275942e-02 4.245178496571543753e-02
1.558082214513583086e-01 1.043276215173939009e-01 1.087549401950053535e-01 1.000879954552861550e-01 1.339883076941426887e-01 2.975615210027653945e-01 3.606955247073831416e-02 6.340184021330987074e-02
1.303410362493044872e-01 2.886793905780423719e-01 1.092432040208906052e-01 5.303212762992387530e-02 1.280806070594060486e-01 1.336525330320107452e-01 4.116904074976248523e-02 1.158020606806595271e-01
2.307914673651942361e-01 7.540803037532869957e-02 1.148889306466118615e-01 9.849807848255812126e-02 4.447471934429030049e-02 1.525873127008885166e-01 2.291940036538308023e-01 5.415745743129730949e-02
3.314849896650629568e-01 8.087769018805458787e-02 1.251111535283687126e-01 5.001802896921544311e-02 1.288114286338533365e-01 2.093269626124523719e-01 3.854896887271869882e-02 3.582077753027391315e-02
1.749016621790103199e-01 6.154554687711936978e-02 1.142003758706629235e-01 8.937663510274174161e-02 8.925300635738411814e-02 2.522784517294370810e-01 1.829372086908618578e-01 3.550711319278260919e-02
3.042304426383186100e-01 1.035847133047173296e-01 1.070436636883456138e-01 5.063991294791522074e-02 6.138397231584936248e-02 2.252562351332537127e-01 5.432934603258156997e-02 9.353171393901869857e-02
3.543425533176325359e-01 7.204753589695557514e-02 1.205525531241327108e-01 5.248705793940285774e-02 8.110214377123750595e-02 1.807828077958994473e-01 3.626596703666268989e-02 1.024193811180766356e-01
2.978868646201231485e-01 1.277661811677124337e-01 1.270586185466222318e-01 4.715632679703478380e-02 9.813546132688263923e-02 2.192719093322547941e-01 3.290515790466878865e-02 4.981948030470115946e-02
3.299549069403502344e-01 9.587558691937210498e-02 1.214707823215197824e-01 5.367226688843243498e-02 1.035449121259415239e-01 1.604809911211236284e-01 9.185231469130500370e-02 4.314823899195531498e-02
2.239777551673388656e-01 1.207180993341847169e-01 1.045636669736706437e-01 5.023236512302745732e-02 9.895954026912480439e-02 3.191989557855402504e-01 3.555262245316231917e-02 4.679699489395104661e-02
2.010064290379967034e-01 8.720917043196704799e-02 1.291953704880041964e-01 1.345449446780168923e-01 1.990073361463390866e-01 1.727562573083226971e-01 4.470216685328913531e-02 3.157832505606417844e-02
3.105594003180827123e-01 7.870312454300044946e-02 1.307809046806957531e-01 4.995272619709687639e-02 1.398592423511337557e-01 1.099435873894173826e-01 1.235061046334742507e-01 5.669490988709886825e-02
6.465563817215615183e-02 1.663443213947523869e-01 1.077523212991509799e-01 8.942377292063852234e-02 2.074220533307369885e-01 1.099918099359873114e-01 2.134825190951284701e-01 4.092756385144911968e-02
3.170763292910278031e-01 8.313201917083630488e-02 1.166342658752988343e-01 4.858252590195127202e-02 6.234623015882621855e-02 2.801020462362526220e-01 5.625818660882633132e-02 3.586839675698070412e-02
2.887291376031210777e-01 8.045974256902754806e-02 1.180208342143448941e-01 4.854276878337571155e-02 1.728582353596944399e-01 2.173028000212437194e-01 3.014703434769372414e-02 4.393944710149891297e-02
8.124793063613468258e-02 2.859394329481592112e-01 1.036675066268979012e-01 4.426031105050950987e-02 8.105356653676293321e-02 3.269535116584856294e-01 4.510639877828376276e-02 3.177134176476639066e-02
