Teff L Fe/H Dnu0_median dnu02_median r_sep02_median r_avg01_median r_avg10_median
2.570723325203865817e-01 6.186307243140930223e-02 1.418689011124547872e-01 8.597668198569476117e-02 3.900171886846275082e-02 3.463801605163017161e-01 3.443251707377974896e-02 3.340461549151024084e-02
3.489658005368674876e-01 8.807645991888164716e-02 1.368136771242046135e-01 4.132518805112294497e-02 6.247074030350483614e-02 2.384436794937484227e-01 4.979195286554483069e-02 3.411250170612527277e-02
2.527022170055756023e-01 1.625618901569264585e-01 1.159723761694455707e-01 2.878056931779859190e-02 1.055062685240166082e-01 2.609656551820387360e-01 3.731924461149125488e-02 3.619177903270726776e-02
2.720065033280154032e-01 1.125301803357225267e-01 1.202883918597377755e-01 6.847010323776717144e-02 7.042955466897746208e-02 1.646502084208928685e-01 1.604099773929533734e-01 3.121508075593338108e-02
8.613750555281669830e-02 2.379524693441066319e-01 1.168208781344742403e-01 1.387261848863936831e-01 1.228921643759648824e-01 2.206404732432055427e-01 3.825813017922842507e-02 3.857219428380992410e-02
7.390644468763041264e-02 1.537385386743454485e-01 1.075267290735655024e-01 1.176334029656314756e-01 6.409702934093715332e-02 3.010184347686615802e-01 1.328382756760597971e-01 4.924114481316860248e-02
1.720811738723042050e-01 1.840907879782701095e-01 1.429698348174173461e-01 1.132851300997729654e-01 1.600407158981242695e-01 1.374452580201007412e-01 5.407876617243852213e-02 3.600833314157202147e-02
7.637387237725405675e-02 1.678049579447951634e-01 1.033575673017571445e-01 3.156304060955841123e-02 2.609822243322165725e-02 5.137422655575097918e-01 4.181188792847261027e-02 3.924818584743099137e-02
7.851420280093493465e-02 1.298393900349480989e-01 1.055381951275780744e-01 4.201025697033056866e-02 3.487207956675918152e-02 5.377868320092848986e-01 2.901642484144785136e-02 4.242261864871638144e-02
1.376514779943474320e-01 1.070815717437853670e-01 1.090215420887913761e-01 1.082909306359410989e-01 2.525720495718403735e-01 1.920493056051957581e-01 5.516718791372283992e-02 3.816593444637573357e-02
3.318457652350467191e-01 8.289856544857422682e-02 1.183855488849196586e-01 3.653033968286156091e-02 1.331994978477055447e-01 2.202071169751849689e-01 3.699799368395237376e-02 3.993517224175499591e-02
1.790244613375007454e-01 1.475118426021387319e-01 1.149199058286941716e-01 1.020979510854039124e-01 7.445951834097623567e-02 1.584192681649172207e-01 1.819312088496124469e-01 4.163584379075660480e-02
3.483004914554793663e-01 5.462617414578906094e-02 1.270930918933910470e-01 5.019841955538711931e-02 9.412861809336409147e-02 2.215611774394436462e-01 6.469427844021187479e-02 3.939774897693389816e-02
1.223125105000090751e-01 2.895308213739719583e-01 1.145140761696593762e-01 4.551200386354805477e-02 1.807646732387526989e-01 1.683885103121947890e-01 3.704819324656197926e-02 4.192921129530208929e-02
9.836694589722932980e-02 2.079881763037536857e-01 1.136834703606770941e-01 1.341588094967973710e-01 1.245345788935320053e-01 2.459564552317523856e-01 2.965766107371430038e-02 4.565390274254364084e-02
3.445085536013507976e-01 7.421354786535122594e-02 1.144018377082414162e-01 7.326884813866164914e-02 5.328174673745669776e-02 1.382942243627134082e-01 6.872990736149603430e-02 1.333013342247287847e-01
1.246222072035291367e-01 2.809071408679922333e-01 1.202328043003805524e-01 2.914218488251922243e-02 8.794650831164402272e-02 2.054334468323327501e-01 4.812355814388112607e-02 1.035921494577210222e-01
2.813714456259039376e-01 6.212295381329067945e-02 1.480756090100887601e-01 1.017182959728646502e-01 1.712517903661992524e-01 1.379538879904285975e-01 3.721889783797543289e-02 6.028711938324864128e-02
2.005394243971270474e-01 1.880978156549003022e-01 1.076799898727750643e-01 5.350118175715658925e-02 8.895544722733131349e-02 1.179355507302975586e-01 1.780255151079588316e-01 6.526507525245336949e-02
1.935662776776721494e-01 1.640350258392174743e-01 1.238089376302422273e-01 5.149415278897027937e-02 1.461796594176751618e-01 1.430000246114254137e-01 2.230368032265629338e-02 1.556122417121410806e-01
3.424946825577389609e-01 7.213485478049491695e-02 1.250418076300287007e-01 4.939456570162572419e-02 1.427090192248686162e-01 1.951260582668948307e-01 4.025648316457947073e-02 3.284252867376884211e-02
1.053042061946672242e-01 3.043464570724482843e-01 1.156182735411588336e-01 4.419610185584985779e-02 9.201583059939148768e-02 2.565781102027619442e-01 3.689518012525835888e-02 4.504584040846394688e-02
2.622913994223056711e-01 1.155337911482389041e-01 1.190464458267965348e-01 7.864940242814155713e-02 2.381623143924538610e-01 1.049942566762703672e-01 3.083185015765019590e-02 5.049053994814291235e-02
8.190507263409320393e-02 1.835894202164664035e-01 1.045742518707438867e-01 1.158603992651120462e-01 3.936698799588160547e-02 4.082085803615484454e-01 3.618444737733690630e-02 3.031084027881742957e-02
1.236427595133807594e-01 2.876666782409987300e-01 1.125667146965669274e-01 4.982746807693275853e-02 1.551162481645403102e-01 1.819316147150902563e-01 3.871676512770121786e-02 5.053175146478904034e-02
1.072654662628506061e-01 2.756750502907987510e-01 1.115429084552496397e-01 6.280783201199044430e-02 1.033764312980241101e-01 1.938455689180393071e-01 2.815370598065538785e-02 1.173330367823918197e-01
1.897655656116129241e-01 2.192101767869401030e-01 1.197567184623923864e-01 4.983513771333562825e-02 6.258203444344513644e-02 1.268874489857974297e-01 1.614055600999891871e-01 7.055735789648728828e-02
1.389395404750810858e-01 2.360750910853380569e-01 1.197329290693003451e-01 4.522728329368522898e-02 4.793968997174543473e-02 2.313144610968053683e-01 1.457027619237992178e-01 3.506824308424538045e-02
3.300117093069226959e-01 9.163975273002210320e-02 1.213294805354602351e-01 5.036471784668911100e-02 8.692433372111493806e-02 1.179283320034664462e-01 1.349659305773875106e-01 6.683574327893700151e-02
1.107431837583562201e-01 1.330734123312573847e-01 1.038727151366436868e-01 1.881777278156560318e-01 2.261018428389593993e-01 1.591599386762264090e-01 4.068042411849517176e-02 3.819075532440557863e-02
1.992096762739498372e-01 1.458941786439082178e-01 1.052224050880789796e-01 4.890621355185941627e-02 1.038530508918596856e-01 1.783533248706536123e-01 1.908369241625251789e-01 2.772422651716512434e-02
7.872552797217599596e-02 2.824345497249943771e-01 1.018033030187297655e-01 6.086437944077779244e-02 1.947215846850792464e-01 1.434910881799226767e-01 4.508417787751909517e-02 9.287538910080105070e-02
2.083191211059252923e-01 1.060089162463052764e-01 1.226457476002717623e-01 1.351492523031998794e-01 2.026227669503062323e-01 1.397276053111446703e-01 3.524587573700906085e-02 5.028071474583774986e-02
6.318308123237383056e-02 2.981377998746280178e-01 1.085515426877917966e-01 2.805058012614342067e-02 4.890229984457650225e-02 3.664481862716172933e-01 2.671320816684760388e-02 6.001330179602144821e-02
1.012086575804625882e-01 2.909016743714786801e-01 9.913196410855988627e-02 2.730593350544818082e-02 2.345627304975336225e-01 1.544087853233515051e-01 5.537070216381556609e-02 3.710955244935006114e-02
2.792573971223202833e-01 7.219492046643087579e-02 1.193256112991753909e-01 5.712261170875842370e-02 6.622696240144756996e-02 2.766202683228684567e-01 4.029729086463715998e-02 8.895493781436185354e-02
2.293319691635689883e-01 2.002200349879424968e-01 1.167152425240301772e-01 3.783569636054186225e-02 7.370674233383851803e-02 2.582858270567099934e-01 3.685865244895480952e-02 4.704583512441303655e-02
1.257288354802755526e-01 1.116944488929546703e-01 1.462103601712688161e-01 4.049960738198479099e-02 1.282399532567614631e-01 3.575770221172834828e-01 4.047539307099561751e-02 4.957437962847564134e-02
1.579965234775319305e-01 7.730903073212967713e-02 1.101527260940088210e-01 4.993034067826890299e-02 8.061645429149801034e-02 4.384403170248085124e-01 4.389411134222349214e-02 4.166049635953055635e-02
2.359908221843886322e-01 6.931388702844148986e-02 1.171374409711736508e-01 8.778646709265862380e-02 7.343391395697589086e-02 3.114142173390759827e-01 6.272328935934265437e-02 4.219996206794306148e-02
2.075211465242189912e-01 2.162581249487583457e-01 1.288108675464997022e-01 4.256216141420103571e-02 7.440069304602384137e-02 2.606179794636735436e-01 3.787995957084054621e-02 3.194906748578392464e-02
3.516806726310489628e-01 5.603564976751770205e-02 1.433413938419610123e-01 4.113671946481173985e-02 1.129584750039591828e-01 2.065366064176319127e-01 3.993777165039747584e-02 4.837271122267202544e-02
8.455578838295590982e-02 8.602366138685281494e-02 1.096295270572269914e-01 7.896637652143630171e-02 1.083613761908389789e-01 4.543533660436640531e-01 4.293839994753345657e-02 3.517150446949145193e-02
2.013248773377653567e-01 1.716577238502266234e-01 1.253479441596981325e-01 9.906190207362283728e-02 1.100060331804947888e-01 1.866032903874164928e-01 6.811594478646178230e-02 3.788228422431394460e-02
2.593024313818164117e-01 1.920714866568062618e-01 1.165663036907187838e-01 5.857401634388587075e-02 1.085469276669045469e-01 1.532476434077660599e-01 6.118520997199667494e-02 5.050598088010537640e-02
3.563003361515699186e-01 6.174341693044257950e-02 1.334680262045072341e-01 5.975869854457251801e-02 4.430610606305334515e-02 1.519856964361361029e-01 1.575157559089969683e-01 3.492196376072122244e-02
2.272742141943109306e-01 1.759572840655318771e-01 1.146497757683918456e-01 7.156190154366709466e-02 9.951726330204023474e-02 2.223210693155275586e-01 5.543464518442895589e-02 3.328384662610140571e-02
2.158043661522593692e-01 1.152379559184285029e-01 1.067377004145132757e-01 3.031311639933507648e-02 6.819356865726401706e-02 3.527408536872270739e-01 6.638937772039323060e-02 4.458306105057936730e-02
1.663613379661178782e-01 2.531240462496417987e-01 1.074330366960220967e-01 8.655291216966386203e-02 1.296360994450521109e-01 1.833458367233982145e-01 4.607614414087467247e-02 2.747058660922937698e-02
1.114724178001991611e-01 9.770557628937717731e-02 1.075260996155780191e-01 5.131133906195039368e-02 5.914796131412567576e-02 3.199451498562440599e-01 5.412173938695417214e-02 1.987697166755713063e-01
3.405478524745703117e-01 8.278179320861039914e-02 1.345858150343413051e-01 4.863258384758031849e-02 1.077975781304273128e-01 2.024665408314327009e-01 4.715943963512665704e-02 3.602839683791100867e-02
2.527133268242281461e-01 8.400050641973992593e-02 1.102383953049950599e-01 5.480680496795731910e-02 7.244707748176998363e-02 3.384759883594616325e-01 4.645579036313572663e-02 4.086211027871224089e-02
1.503504458571365276e-01 1.515264894263775586e-01 1.170274507462557567e-01 4.117818087567332030e-02 7.129847881750078775e-02 3.403641580400441069e-01 3.296301601617154103e-02 9.529178022084046351e-02
1.788315503262130901e-01 2.082207924397219967e-01 1.187567159444612719e-01 3.774977346769368969e-02 5.070997067175919693e-02 1.550512856277598828e-01 2.211340121527245184e-01 2.954589936966638131e-02
9.102392591722967274e-02 9.906393464974364016e-02 1.115219587490803438e-01 3.746701362133857821e-02 3.412415815008685432e-02 5.550665209111708132e-01 3.096406338794120694e-02 4.076842461340895313e-02
2.701047741994150320e-01 1.541401569460966459e-01 1.167429087426833656e-01 4.687708307289805559e-02 2.010036188429353277e-01 1.205368369019980818e-01 3.865744338672418012e-02 5.193717790724936695e-02
1.792563067269575539e-01 1.083601746473036864e-01 1.063372317009298879e-01 2.619259261927782689e-01 1.170119315317817016e-01 1.146168091829220387e-01 6.799754265896554295e-02 4.449407735836140992e-02
3.588124203415890556e-01 6.324420346090334211e-02 1.358117798093639861e-01 6.880779804672720879e-02 8.137482306982897484e-02 1.733947390976998126e-01 5.417214421684513753e-02 6.438209195704233667e-02
3.142587922898489317e-01 7.130142233602687618e-02 1.208186422583896885e-01 4.867435037853855284e-02 7.914718498312703354e-02 2.711124668748854938e-01 4.653758550727307014e-02 4.814955537191043661e-02
2.898056525603213696e-01 1.292359364218955697e-01 1.171372406588948173e-01 6.529319936862088003e-02 1.289695500403357786e-01 1.080852973797701150e-01 4.166218360681724769e-02 1.198109399633442013e-01
1.552008273798339000e-01 1.154308236703314727e-01 1.136259354835506552e-01 1.114930443604422172e-01 3.660675851345254056e-02 1.765701071217174456e-01 2.267805311328933149e-01 6.429197233777848852e-02
8.065935578985181098e-02 2.374817333744846659e-01 1.130939335045363092e-01 1.154543269667998862e-01 2.461127393687135567e-01 1.345997678605678205e-01 3.628275741500303075e-02 3.631538572004289894e-02
1.044988268265305553e-01 2.889083897690303271e-01 1.210658950397261596e-01 8.865669123774672089e-02 1.156730190951209825e-01 1.528246880547230180e-01 8.846116173777472669e-02 3.991132823934756546e-02
8.215446619685537466e-02 2.066810593906338589e-01 1.086726996572918713e-01 1.710737376544244626e-01 1.462882468414826720e-01 1.988612531806767114e-01 5.313688162309321283e-02 3.313165545554188490e-02
7.912329936228985894e-02 1.241756447491625254e-01 1.040523499592256040e-01 5.672098535624552074e-02 1.258098436183020530e-01 4.347273661744431861e-01 3.892406882678291213e-02 3.646644195354836054e-02
1.575250691752420606e-01 1.636054804342084168e-01 1.109253548953216956e-01 4.120384889395965755e-02 8.140931986004405763e-02 1.669614755963884645e-01 2.752983700231563871e-02 2.508396141425201509e-01
2.067871619268851491e-01 1.461134062792714128e-01 1.172164091489186349e-01 4.959803944041150936e-02 1.549829528900556752e-01 1.789382670080710003e-01 5.240672149182442480e-02 9.395704181456220050e-02
1.137456667350190548e-01 6.883410823758862040e-02 1.105703078584148874e-01 6.732218498677808305e-02 3.511519829140466453e-02 5.253066971311801669e-01 4.080313670372000961e-02 3.830270005589443000e-02
2.561336235764775093e-01 1.977866061812987575e-01 1.244885981239796935e-01 3.412550518821907963e-02 1.089782742187462156e-01 1.252758054132685206e-01 4.373392255124878419e-02 1.094776647467614883e-01
8.571122163107994241e-02 8.821544593854102612e-02 1.069261726863682954e-01 1.463867241530529273e-01 2.344313427037246489e-01 2.707579291197966254e-01 3.346002498263802444e-02 3.411113878479841988e-02
3.250458659761383817e-01 1.407854861135188484e-01 1.189685518609064352e-01 3.449101995131760579e-02 9.104033927660429293e-02 2.015892929705662140e-01 3.292235654042194315e-02 5.515708731052623714e-02
9.703722463429646783e-02 3.891847837673905186e-01 1.053432008555973964e-01 2.615047117415353339e-02 1.737822945760714166e-01 1.050319784179678390e-01 4.114866929162997594e-02 6.232137728289293549e-02
3.244273282275405568e-01 8.193536504984613722e-02 1.088141888298031768e-01 4.981799026072633585e-02 6.923694054350111593e-02 2.803060519448001275e-01 5.058938411737472912e-02 3.487275102640796653e-02
1.086759549249401019e-01 2.967372526254627441e-01 1.069949199111808608e-01 3.054302744781695403e-02 1.383418720296477888e-01 2.402118550609071146e-01 4.711106430611158857e-02 3.138405369393283684e-02
3.444019610933776732e-01 8.571597485951647222e-02 1.116888417436030512e-01 5.477357650534914191e-02 7.574733084641681324e-02 2.178700874246349839e-01 4.989563312609508750e-02 5.990659440100672833e-02
3.499811083863959005e-01 7.169248875134022481e-02 1.526140331718226772e-01 5.730512975609577953e-02 8.934244550503186999e-02 1.378638991817731085e-01 3.350011207646577671e-02 1.077007831710746488e-01
1.414869788552801655e-01 2.892083341550125697e-01 1.040483880641685094e-01 4.425186394503143050e-02 1.867330245864718130e-01 1.008351898271612479e-01 8.053797087084761663e-02 5.289824969602659882e-02
3.239796099058086520e-01 1.074147511044510617e-01 1.294835864831063443e-01 4.455931007675924260e-02 1.223393239088542556e-01 1.720821611032431753e-01 4.590651288419281273e-02 5.423474453358443498e-02
2.826410794786865521e-01 1.398296104888450686e-01 1.206602676579904415e-01 3.553338258435621150e-02 1.487790020145599301e-01 1.621528990204076093e-01 6.534534709666486862e-02 4.505841165848942231e-02
2.828955644994470275e-01 1.250575873499840951e-01 1.096682208569519229e-01 4.309928494693072987e-02 8.026675291724977290e-02 1.728322318614806397e-01 8.593793850254657918e-02 1.002424190654092329e-01
3.241002407255379469e-01 5.817769219205694980e-02 1.348464973474660655e-01 5.558218930106650912e-02 8.352420162777902946e-02 1.775301004975938512e-01 7.374697304945987408e-02 9.249210525903971136e-02
3.154105627504418252e-01 1.134800772137026376e-01 1.099744280083013448e-01 2.758802162211980782e-02 1.981547688394423579e-01 1.632480659423821978e-01 3.237621746824537877e-02 3.976785815536443280e-02
3.516401766275936702e-01 5.388430769869919507e-02 1.265711068993901622e-01 5.205125471660827785e-02 9.136981333386653970e-02 1.669120433501147527e-01 1.224403732644520487e-01 3.513092410927542292e-02
1.165151486051158591e-01 1.822050863028711054e-01 1.230556220464221334e-01 1.035835484474329909e-01 1.861613258233860146e-01 2.078873191019744437e-01 3.956141250203349530e-02 4.103053717076399903e-02
7.303432252931672808e-02 7.273260166093392654e-02 1.176927104215541031e-01 7.224854597481718266e-02 3.526905274421484465e-02 5.542459037622601281e-01 3.781960877174437435e-02 3.695725413515866392e-02
3.194290984279383738e-01 1.087104254510644352e-01 1.202564666751326783e-01 4.517556668487659327e-02 8.520347308070659598e-02 2.273303428762860623e-01 2.645780624157284891e-02 6.743682056242253364e-02
2.700983866006451128e-01 6.368200183944937309e-02 1.402400978009876176e-01 5.666358527029328324e-02 3.793962117905168296e-02 2.608675904432376513e-01 7.523220705229577421e-02 9.527650981403948394e-02
1.890757521890123194e-01 1.150560843411939926e-01 1.036147014234607144e-01 3.578067587487866047e-02 2.518537312733121550e-02 4.324383695241529879e-01 2.175852545071119484e-02 7.709051806925897032e-02
2.230897044973921273e-01 6.359239250041534564e-02 1.346576294463023016e-01 1.409293397864275488e-01 2.397492296596321903e-01 1.026681610984934157e-01 5.910254443848264594e-02 3.621099857285448725e-02
3.070029656109006244e-01 7.273879077699234308e-02 1.227760117682451524e-01 4.817665366413961814e-02 1.411020004025589636e-01 2.325094162149335120e-01 3.031255462220407496e-02 4.538160694002570800e-02
2.692790016556590449e-01 1.147666495001636727e-01 1.286914830635511875e-01 7.352375423697370127e-02 1.050687310918950457e-01 1.825630474843509543e-01 7.483323840929770321e-02 5.127409455810871819e-02
3.315905842488110489e-01 9.926695013362207831e-02 1.363596854633634947e-01 3.678774077317209512e-02 9.895898308384049047e-02 1.440657737144037664e-01 6.330507107482445661e-02 8.966521150796247230e-02
1.282090784764795821e-01 9.392974949000112983e-02 1.122693315346829507e-01 4.690509976792648500e-02 2.697244275978302394e-02 4.187666254554516243e-01 4.533179859222014746e-02 1.276158739234550255e-01
2.429636853713083855e-01 6.112539454426628438e-02 1.867372115647183139e-01 1.034773675282483485e-01 1.154897859902542095e-01 2.155628679461331354e-01 4.018888300105191019e-02 3.445480405401932927e-02
7.474616900235202255e-02 3.177646029140668849e-01 1.100386937583594515e-01 3.054619457793306819e-02 2.515013673877265488e-01 1.435163270376094147e-01 3.345308542505386062e-02 3.843355989689875574e-02
2.886952947442784079e-01 1.216503723232146283e-01 1.217319280048827779e-01 4.932124845203923746e-02 7.232753474887704259e-02 2.469495777176267115e-01 6.858388744825741346e-02 3.074015656082380865e-02
2.773652402268701467e-01 1.493448966545152246e-01 1.575179302597939646e-01 2.829158249388257634e-02 1.457535346866847825e-01 1.260287624116865624e-01 5.950920240098344499e-02 5.618885086558342290e-02
2.188401558106090328e-01 1.091539681738620537e-01 1.782920601126490867e-01 7.990374760989864267e-02 9.540394031910197359e-02 1.532040013399344758e-01 5.765860222516209360e-02 1.075435244087826619e-01
1.666492966591869851e-01 1.085284034842509543e-01 1.246122231157136828e-01 6.387808327649761864e-02 1.242779386377903250e-01 2.691515124698012906e-01 2.221132947261859197e-02 1.206912128841405585e-01
8.150467366209809827e-02 1.908881503360478071e-01 1.197809851900170919e-01 1.317431152158536900e-01 1.122434059914102639e-01 2.599138524348890145e-01 6.781642508910518119e-02 3.610939208057879074e-02
2.359566698220078029e-01 8.249938529071455806e-02 1.172202533823156340e-01 7.117662700309961010e-02 8.202807195519494499e-02 2.666711454148097959e-01 4.987352498873551948e-02 9.457432214312222474e-02
2.485051903876975277e-01 1.020534777385534303e-01 1.100939522478257271e-01 9.519414018084834672e-02 7.593945788156775123e-02 2.892865351854427280e-01 3.325404762098718020e-02 4.567319875707739896e-02
3.264435312983778870e-01 6.507500400027328713e-02 1.331262707615617769e-01 8.545589703494223255e-02 1.679319977219561333e-01 1.145066269866932135e-01 7.232348753857084644e-02 3.513718465762458859e-02
2.596007071165996605e-01 8.013659809911302667e-02 1.170204640783563954e-01 5.298496513276229614e-02 4.816996936440835764e-02 3.788207216848380465e-01 2.877221631954714198e-02 3.449435820437506822e-02
2.286344674588076664e-01 7.211869331665048122e-02 1.455373224921405750e-01 1.527880249492599429e-01 1.290138137401247165e-01 1.381825185680138346e-01 3.673922296624413525e-02 9.698593650875879379e-02
1.213122301682119930e-01 1.455768021931758416e-01 1.068869810117701880e-01 1.236288122885652180e-01 7.731415387457502009e-02 3.545947824163239170e-01 4.316529150781588109e-02 2.752094653956195167e-02
3.203032159955669367e-01 9.964979404271855079e-02 1.237456504516388917e-01 3.220079565533084942e-02 1.786237546626673611e-01 1.761034773032860434e-01 3.110622231729379128e-02 3.826708957149757562e-02
2.670530890907367727e-01 1.246994007958496797e-01 1.123494464348146621e-01 4.115902021909567665e-02 6.927385335234065300e-02 1.477244590932979829e-01 5.559232584811629047e-02 1.821484051657482617e-01
1.133211320279921136e-01 1.033646728168584883e-01 1.205498504972373347e-01 3.076646966791573082e-02 5.232037046504368211e-02 4.966205798568354979e-01 4.107845696297569155e-02 4.197846770514146453e-02
2.460159823199132845e-01 8.690847002933034526e-02 1.420851682549373329e-01 1.133976057459973180e-01 2.331298904566946606e-01 9.414298309375487839e-02 4.573800157903451513e-02 3.858189852033774153e-02
2.178518777405151763e-01 1.971010340079176748e-01 1.173049214341086444e-01 4.830405230298655261e-02 1.516662408749246127e-01 1.607171554355679710e-01 3.668150728591168530e-02 7.037321091806761353e-02
2.057131689100483440e-01 1.361802521321388570e-01 1.046790581989042318e-01 6.163596575775390218e-02 1.033937655901460417e-01 3.117943597425296698e-01 3.020739812030907509e-02 4.639603154816993730e-02
2.643992588543758737e-01 1.423114695069162550e-01 1.069583998657281376e-01 3.244641713877272765e-02 1.721844071040636304e-01 2.020199978189135270e-01 3.117956858395116645e-02 4.850048112727864402e-02
3.469235376796401815e-01 5.719222507605641048e-02 1.381248778137252609e-01 6.430900144457182832e-02 1.345137324495356834e-01 1.631102350391779310e-01 4.805908891718363440e-02 4.776730158010920185e-02
1.427353198967290793e-01 1.216191123906881916e-01 1.144157665966556436e-01 1.230494299759656573e-01 6.574269910919623705e-02 1.521547970205862910e-01 2.792312904495116918e-02 2.523597459652276997e-01
3.028896017112812089e-01 1.052979419146607282e-01 1.254930243747999496e-01 3.576955367934811503e-02 5.708249643382486832e-02 1.751377490058511066e-01 3.008834851249584177e-02 1.682412843677381364e-01
1.450913496720902252e-01 1.538134639096774281e-01 1.251811483398729830e-01 1.324527866666520282e-01 1.711395511960441262e-01 1.194365193887424875e-01 2.754279608333503465e-02 1.253423847435857497e-01
1.029340541724551444e-01 2.943647848601099182e-01 1.284592220557178033e-01 4.579500637154839543e-02 1.280480635305974724e-01 2.146334206545092993e-01 4.909434542545398905e-02 3.667110292960801959e-02
2.252987804571652264e-01 7.961618114688150116e-02 1.167472846363138000e-01 5.713182784997745955e-02 2.282298621154215945e-01 2.018026507438769601e-01 5.935785599410545871e-02 3.181555705625795094e-02
3.648297485426226783e-01 5.975321008003869200e-02 1.392110298471921082e-01 5.685114268290372003e-02 1.129737686642447031e-01 1.629000735379431686e-01 4.484535828256110829e-02 5.863566836249388403e-02
1.992577706515819003e-01 9.998488102433672475e-02 1.208607158025647860e-01 1.119102731031163950e-01 1.485963452513882066e-01 2.048849499321751255e-01 5.889399239717604123e-02 5.561107183766082762e-02
3.417576789344389798e-01 8.423255393760636922e-02 1.333588015011642758e-01 4.280259525071822280e-02 8.669551365185509950e-02 2.449631369714000140e-01 3.516881906319604262e-02 3.102090068962098934e-02
3.704906233973384588e-01 6.559904970346332187e-02 1.368037685425648742e-01 5.101154446535188097e-02 1.326585382525496959e-01 1.607662116670963148e-01 5.785820031780176953e-02 2.481206365383369083e-02
2.358325701649497119e-01 4.887262066224981605e-02 1.198428698315143620e-01 6.763559098751695253e-02 4.950080948119377211e-02 3.439470715713498494e-01 1.012713814738029627e-01 3.309708582742244831e-02
7.148449426856504085e-02 2.506344133916542649e-01 1.001016117784659792e-01 7.682824573854632466e-02 3.164450887431147913e-02 3.297313250784563721e-01 9.927844510811253964e-02 4.029695576188797868e-02
1.686789904813155716e-01 2.164836714282728503e-01 1.579202187735491980e-01 4.732260660873601615e-02 7.809686615191534231e-02 1.405118993218809897e-01 1.332042279395721784e-01 5.778151929475790899e-02
1.685332494801898562e-01 1.614892091211313496e-01 1.216645693688717389e-01 3.912004398280272827e-02 4.165925248494274646e-02 1.856523430397113428e-01 4.352168241116130543e-02 2.383596501111889532e-01
1.194796195493233459e-01 2.940044366224860983e-01 1.152773425416387110e-01 4.028890958624715968e-02 2.300519733454650662e-01 1.126255190508373694e-01 5.434629743769348043e-02 3.392590186630864424e-02
2.980537164958547702e-01 8.808155640080526927e-02 1.146440903391967026e-01 4.920513913813844009e-02 1.532659289477510955e-01 1.579585314017964981e-01 6.687315694259562959e-02 7.191788033386165013e-02
1.207385353612275558e-01 2.308505348408732560e-01 1.109798735510700851e-01 9.025298479092823400e-02 5.842268962691220952e-02 2.311642061329436393e-01 7.307020644636839923e-02 8.452096924967669733e-02
2.884572799113355734e-01 6.488489872252584112e-02 1.281566838077741743e-01 6.539556116933738228e-02 8.241476822515986234e-02 2.205917877666047355e-01 2.561457842931201545e-02 1.244844419679504571e-01
3.317961796686773046e-01 7.892997446617736057e-02 1.389367638074409106e-01 3.392886190870322144e-02 6.002816390210070907e-02 1.593005335668030431e-01 4.353351008816297441e-02 1.535460125919345664e-01
2.054558987749395271e-01 1.451938948653878902e-01 1.105587669208050461e-01 1.044080332200402333e-01 5.890991697718635928e-02 2.941617648885433978e-01 5.180969850260080944e-02 2.950202585049668119e-02
2.991749263452164742e-01 7.185988345020753731e-02 1.242032757275308291e-01 6.426418518950689773e-02 8.177941795510143552e-02 1.654966035287080139e-01 5.836675303023572403e-02 1.348549547734929632e-01
2.655920860958169150e-01 6.582958683769565833e-02 1.189403574308646461e-01 8.495885083677881533e-02 1.293911757600138268e-01 2.415540336463854187e-01 4.401369754730236061e-02 4.972021184514242159e-02
1.001712891272388412e-01 1.231534971690176478e-01 1.107622612601196488e-01 2.465296511255921363e-01 1.448347812614615704e-01 1.953785198723932137e-01 4.043289902103122668e-02 3.873710116314583313e-02
1.636219673768969374e-01 2.340023466149754872e-01 1.175050523811606434e-01 3.623744407756241542e-02 1.221537356664524759e-01 9.690220648891019473e-02 1.976807887974761091e-01 3.189645859656559806e-02
3.000020186598372773e-01 6.141274774419640953e-02 1.348439777956229602e-01 6.957446453673810094e-02 7.511102963145920020e-02 2.457527445261793453e-01 3.591966212427580296e-02 7.738335498169082727e-02
1.569625715703533708e-01 2.228530030084286684e-01 1.302047409552736235e-01 9.161163907094389824e-02 1.143245509735539289e-01 1.586966148414181155e-01 8.894403913443579834e-02 3.640284044559265186e-02
3.080789760666371446e-01 1.121161601785372469e-01 1.134367329590917212e-01 4.661934120706062029e-02 1.166345945533764084e-01 1.074009917744543630e-01 9.258573537926938213e-02 1.031274678815730650e-01
3.168182054852780039e-01 9.518558786081028622e-02 1.150090215065008442e-01 3.588662689555170010e-02 6.249374057513631259e-02 2.197500883088429890e-01 1.095220159843270508e-01 4.533471338355277852e-02
3.473674870295203054e-01 7.406669281051297959e-02 1.313421075757612855e-01 6.183330243235893309e-02 1.614594669994447174e-01 1.445311957473184583e-01 2.780794657104728243e-02 5.159180083403602790e-02
8.388881308886145249e-02 2.525650997647641005e-01 1.029210520038067456e-01 3.622631789434020005e-02 1.324089838755088677e-01 2.227633952520516325e-01 6.881232190424325934e-02 1.004140162164237765e-01
1.789227738134226975e-01 1.198383897649557828e-01 9.754062620393821881e-02 4.391561950822379934e-02 4.474134989452043659e-02 2.713440761186134975e-01 4.101509662984319932e-02 2.026820680664822572e-01
2.242091960551297058e-01 1.476266643128348599e-01 1.201460516809868678e-01 5.540242939639245662e-02 1.175957039456327069e-01 1.065368364311452681e-01 1.911024868591801595e-01 3.738063131869803768e-02
3.563109181004666115e-01 6.844919477775819605e-02 1.223830108709321185e-01 6.235652982466578093e-02 1.250366227650686057e-01 1.678282154057702535e-01 3.027532038039236137e-02 6.736018787494604809e-02
1.927316506386309303e-01 8.198197242892810155e-02 1.173970855216240478e-01 4.981388411916406328e-02 6.266844588728634480e-02 2.380710871738888623e-01 2.407828349421759981e-02 2.332575907362600398e-01
3.053484244536857628e-01 7.186157010605448425e-02 1.259649992128094587e-01 4.544915044814702015e-02 1.562476098080767539e-01 1.843741249353715861e-01 6.358172935563610739e-02 4.717239168021881285e-02
2.729300075551932547e-01 1.215140363931603296e-01 1.198231398080391447e-01 5.725994375083656024e-02 8.386467719064683024e-02 2.600804723183759437e-01 3.258705274597175489e-02 5.194067023777606401e-02
9.959754866362012515e-02 6.816316487636983612e-02 1.047662470820084485e-01 5.900091877618496294e-02 3.514590308531586466e-02 5.585252958869121320e-01 3.836890643517529981e-02 3.643201519441330999e-02
3.355220743220474477e-01 7.062804932177962902e-02 1.203218162642952366e-01 5.229038685532867020e-02 4.287392318767524468e-02 2.951376093393241473e-01 2.991135715520362032e-02 5.331478355434587230e-02
3.531178772339760297e-01 5.963854777597327878e-02 1.208912055912719913e-01 6.628150235040530802e-02 8.168341957858002433e-02 2.151924069326338340e-01 4.709762485281290822e-02 5.609741568434663261e-02
1.995991401023396172e-01 1.775836435312925510e-01 1.279572232417412192e-01 6.345873625186364275e-02 9.258588901788819547e-02 1.766745064928043618e-01 6.784424889972645589e-02 9.429661246234384564e-02
1.563844580734281842e-01 1.393554121412639291e-01 1.170225948224850182e-01 2.274717560238232461e-01 1.554058347560387243e-01 9.815164549780709680e-02 7.177075578191600969e-02 3.443754290323780554e-02
3.313613441433039264e-01 6.825786084825606614e-02 1.216352159808305189e-01 4.708416968829245292e-02 1.059284924356474894e-01 2.325141387450009312e-01 3.345762420652983321e-02 5.976115395213880271e-02
2.918154921362517418e-01 1.355086784645448961e-01 1.329656720000312320e-01 6.022433308653452055e-02 7.881387381995222374e-02 2.318029978153396675e-01 3.710191994951152900e-02 3.176703272783423099e-02
3.034762588117840276e-01 9.361649332528415579e-02 1.551902794160711085e-01 4.471486316147550016e-02 1.439692133258886064e-01 1.298102111327008312e-01 7.555315658104372334e-02 5.366952424575213015e-02
8.585109573905180813e-02 7.915077706545961544e-02 1.064740316387334240e-01 1.149218809398613039e-01 3.127315241093010789e-02 4.069559264648225372e-01 3.358994169245978906e-02 1.417831940486813658e-01
2.121434836729635953e-01 9.984617693884063894e-02 1.150920744196834017e-01 1.554400959808374671e-01 1.472145249472731343e-01 1.431643444249397490e-01 3.974006382252368713e-02 8.735923579293844443e-02
3.477948534858271712e-01 6.728485781191712034e-02 1.275049183188792512e-01 4.071723822856217201e-02 7.949971632601900151e-02 1.914580702578671245e-01 7.911634287825337897e-02 6.662400269267465536e-02
2.883719453221363360e-01 1.097727896914131446e-01 1.160620977532293430e-01 4.055943720425557453e-02 6.153724733090963628e-02 2.534770221425784453e-01 5.244978916137314068e-02 7.776967139410434493e-02
2.197221623055616579e-01 1.253175877896565427e-01 1.180520604529331774e-01 1.146097145069588513e-01 1.338882441654763999e-01 7.800252054278489222e-02 5.964598200305249592e-02 1.507617282335758646e-01
1.233003393295868805e-01 7.791500331079917463e-02 1.225575876753541849e-01 6.089085344060665705e-02 6.542901220232981430e-02 4.781609416746979702e-01 3.806559029451233450e-02 3.368067207211308117e-02
1.515836429102320748e-01 1.923311060996079069e-01 1.078412003327523239e-01 4.767679722051466201e-02 8.123140728748330652e-02 1.489144872968328204e-01 2.408491461091274710e-01 2.957221274344955936e-02
9.888705071523617995e-02 2.939021331718572050e-01 1.175819913305221759e-01 3.561685789234575461e-02 2.502814610265263195e-01 1.322938495525262659e-01 4.123623744015236792e-02 3.020041887083379020e-02
2.089267530417503183e-01 1.237600186554815573e-01 1.120140480265283400e-01 1.087091047390853771e-01 1.099889593625086731e-01 2.552731645138133776e-01 4.401251941840801651e-02 3.731543224242435397e-02
1.499902524953939109e-01 2.270197822964359902e-01 1.041565238607254362e-01 5.676922749358030706e-02 4.309735613666126203e-02 2.419656401142518953e-01 8.184646347494747842e-02 9.515475412800385169e-02
1.117790540915323677e-01 2.916230003500282497e-01 1.067719307358083597e-01 5.004306111589145595e-02 1.204694613695643651e-01 1.832491310906023962e-01 6.972650134090649376e-02 6.633785990566626323e-02
2.995541108230488359e-01 1.288180349071133268e-01 1.153585430762499031e-01 3.653261917645912044e-02 9.942154414974498089e-02 2.383255651858581514e-01 4.028656295564871093e-02 4.170301972587701911e-02
1.380231777987649400e-01 2.587322399085805746e-01 1.102380153649987343e-01 4.772510002068652141e-02 9.160185606290265070e-02 2.583744603214879754e-01 4.714235579480897942e-02 4.816279472776963805e-02
2.716618560007837413e-01 7.480000264291167267e-02 1.269688981938187078e-01 4.515309538471493078e-02 4.127929092953735307e-02 3.657269192511811151e-01 3.492503536519862145e-02 3.948490223185392722e-02
1.932653053491733830e-01 1.732076960211119399e-01 1.333508551465854564e-01 9.186305969018662698e-02 1.051528043646292460e-01 2.325320600929587922e-01 3.153460112194864107e-02 3.909361821340590765e-02
8.148979082665204488e-02 1.097484851591427751e-01 1.002196328164734196e-01 3.867268280108560746e-02 4.157414056631900806e-02 5.568240260206226422e-01 3.774931992598880987e-02 3.372192188371556099e-02
1.377389617210738604e-01 2.742143388933414583e-01 1.206819880731316852e-01 4.075393581180584979e-02 1.414266509033547670e-01 1.250952568086619310e-01 6.986560775385959599e-02 9.022326003477086631e-02
2.745089409835246297e-01 8.737155351423853133e-02 1.240024493314342002e-01 9.472904985456721827e-02 1.191561997653022981e-01 1.846596176810311740e-01 7.933435190113005686e-02 3.623783696877191929e-02
1.259933682192407034e-01 2.743814173104107690e-01 1.005956427809410747e-01 5.880955607560561099e-02 1.071147436373369455e-01 1.648533718902264189e-01 2.807197671665150746e-02 1.401799233695869562e-01
1.663416209238246235e-01 2.234122656565673548e-01 1.107962617220838303e-01 3.675230166922464903e-02 8.920946873248282449e-02 2.853980821624760300e-01 5.509348408625737437e-02 3.299651504708328575e-02
2.444261108621119394e-01 1.869648193486803667e-01 1.282540138064633684e-01 4.144471377673988877e-02 1.807790512855773357e-01 1.246715296968192166e-01 5.063848438399344565e-02 4.282127683961439030e-02
1.120201657779096444e-01 9.394906912376260744e-02 1.097253046700183421e-01 1.299703185065622935e-01 9.170341130370543437e-02 3.915609206475975657e-01 3.009846980055541979e-02 4.097234016988855060e-02
2.967696603191242732e-01 7.263917095142496949e-02 1.574407498563464292e-01 4.293358401274893765e-02 8.390292581835905039e-02 2.396765970330851647e-01 5.690661680735033257e-02 4.973069520156086359e-02
2.617646998931427160e-01 1.436564963933732175e-01 1.140378294747235316e-01 4.022379438234235244e-02 1.128725931728891407e-01 2.122939007972766134e-01 3.743462298418286094e-02 7.771606290206954648e-02
2.209781452239621968e-01 9.194764530447308015e-02 1.144183037359591260e-01 7.077682944633788276e-02 1.291206631292499685e-01 2.802630775038484345e-01 3.690006645527552087e-02 5.559526920089374186e-02
8.717909409943168375e-02 9.011806357464406669e-02 1.093716989915485827e-01 1.026034213228410735e-01 1.937205805847045381e-01 2.980509882394258847e-01 3.656937876227335515e-02 8.238677442513074600e-02
2.493368172100321745e-01 7.844269448411100853e-02 1.262226806486011765e-01 5.192153543717626524e-02 6.059933681362346392e-02 3.527873615990321232e-01 5.063126305577242414e-02 3.005831075165142641e-02
3.252942067874808330e-01 1.045663606919824545e-01 1.149547018738602683e-01 5.597154622264299828e-02 1.230877752702400768e-01 1.894397650928041354e-01 4.459795544257170313e-02 4.208768861841766240e-02
1.565744411797059255e-01 2.047234332159481307e-01 1.072710902251893667e-01 8.976610619762549759e-02 5.845413308717140738e-02 2.412409734143136086e-01 8.569768683356460137e-02 5.627213584648133038e-02
2.466695728916660224e-01 1.001565140231222006e-01 1.227921367486408399e-01 1.041295330714101103e-01 2.066802277791620901e-01 1.014576725136612095e-01 6.679310556415669897e-02 5.132123740818092528e-02
2.146302660928458284e-01 1.542523457266628262e-01 1.275118778112128148e-01 3.134383876140378611e-02 6.766469680431828893e-02 3.218514995674707224e-01 3.642694251927749288e-02 4.631853271680824030e-02
1.135083602350237808e-01 3.065944250904282242e-01 1.191171431191376806e-01 5.060750786382688104e-02 1.366045217656473854e-01 1.563264536021200246e-01 7.405508072358941984e-02 4.318650760022661045e-02
1.374287432052407609e-01 1.673567283231501002e-01 1.109574553496887744e-01 4.830951997240778145e-02 8.387947919714561218e-02 3.393226834644786916e-01 4.157090426315674520e-02 7.117448622473156183e-02
1.166851109449759671e-01 2.757572063982158261e-01 1.502292173663685726e-01 4.509571791816571057e-02 1.745223978764232076e-01 1.424139024206479143e-01 5.074026331615981433e-02 4.455618375904300821e-02
2.881777941360909590e-01 1.446806995013935893e-01 1.162329323428449579e-01 4.293153661788803865e-02 7.677484533555797852e-02 1.078527545069412202e-01 1.679409494162822647e-01 5.540848814300107505e-02
7.537349883111144067e-02 2.997343882629049938e-01 1.085952073950724461e-01 5.495682620728315620e-02 2.754675328589059058e-01 7.595557277813580477e-02 5.671176231443500471e-02 5.320521135215137976e-02
2.822620178157697612e-01 1.371386862377144689e-01 1.341758528300466546e-01 4.920077435595390097e-02 1.011783603361704476e-01 1.936238383688025366e-01 4.720879615396270101e-02 5.521167390157952909e-02
9.841307492424096470e-02 1.408356110262880545e-01 1.197920033219100761e-01 3.789400402077434254e-02 5.125542971991865066e-02 4.691228762156200438e-01 5.622449969588163426e-02 2.646250107536630633e-02
6.964365217981309530e-02 1.268308077916787679e-01 1.073274309841650703e-01 3.685435103121184608e-02 2.851992702157362530e-02 5.531276278599988050e-01 4.387896473419383714e-02 3.381723839736473780e-02
1.181376292065502154e-01 2.149659549931072777e-01 1.518602572231375070e-01 4.382910700821623234e-02 6.575586671417292528e-02 3.285163830102911797e-01 3.435339681510139048e-02 4.258140502942317496e-02
1.491659212473663565e-01 1.075258301296769387e-01 1.074825065863994483e-01 9.877958470150398351e-02 9.827877938818084524e-02 1.835702999667397917e-01 3.653301112108966325e-02 2.186640668590429937e-01
3.554670514217600497e-01 9.634669196333467411e-02 1.180761746200015283e-01 5.019541589192411807e-02 1.284398839637205525e-01 1.042478547924852034e-01 4.479611876205565751e-02 1.024308085847181055e-01
