Teff Dnu0_median r_sep02_median dnu02_median Fe/H r_avg10_median r_avg01_median
6.160663081247236272e-01 4.209695260416457252e-02 1.871853813482010076e-01 9.156949949643274078e-02 3.222387550685580637e-02 1.775064070786687778e-02 1.310734221175536771e-02
4.995545358760747345e-01 5.276168537708379735e-02 2.744805431480802360e-01 2.540949759320709767e-02 9.484827183613626922e-02 1.618654820570560038e-02 3.675891796371252851e-02
6.016955789633248175e-01 4.482105185509507178e-02 1.971696420662737703e-01 3.194695958272231184e-02 5.777756494254421282e-02 3.360521396805983552e-02 3.298398862198001491e-02
4.709173140562640247e-01 4.706516434200713750e-02 3.108864065309872582e-01 4.679150386500251224e-02 7.042123248889885223e-02 1.607306438274768226e-02 3.784531433409267509e-02
5.024907800428010107e-01 4.527583173257127697e-02 2.103687309334182909e-01 2.322021284235555733e-02 1.516271554975614222e-01 3.648798210281270493e-02 3.052930684847960166e-02
5.992420372489286606e-01 4.483245810073403781e-02 1.134291299177172391e-01 7.529554935121093862e-02 1.043108726752382392e-01 2.659163419612882093e-02 3.629831851004192839e-02
5.662238994140903481e-01 4.342918257809084970e-02 1.275514115769182666e-01 6.723917565910836336e-02 3.967259651747378352e-02 1.464032450622207993e-01 9.480489192097504500e-03
5.093677838415803238e-01 4.094593564151672443e-02 2.020216303517917145e-01 1.171737922769680584e-01 7.398052134894998744e-02 2.870147157475599897e-02 2.780886496443727568e-02
5.464420452906382231e-01 4.161584326161146818e-02 2.442560914637164071e-01 4.140196573997331764e-02 4.420674214589937617e-02 1.624681980287051922e-02 6.583049229529065738e-02
6.033669325493004054e-01 4.609122952751040087e-02 1.537518308942144030e-01 5.636587644154291560e-02 6.162558413759324644e-02 6.006558810473344723e-02 1.873295834510509128e-02
4.681535586035387442e-01 5.444771350911075530e-02 3.150882752366354622e-01 4.477748517481271173e-02 9.018477564017313153e-02 1.457568733165934965e-02 1.277250450406982457e-02
4.448924990347161157e-01 6.836119319399071304e-02 2.892584635128516712e-01 5.960925707593736633e-02 1.030045004072083908e-01 2.064847695678046630e-02 1.422560981851533381e-02
4.616731622521040856e-01 4.180189864636581903e-02 3.164364943185585255e-01 1.092660836809003916e-01 3.900677782549631656e-02 2.136142338873565916e-02 1.045415988783927365e-02
6.226158448506929899e-01 4.394489449969445766e-02 1.882869088235801514e-01 5.012756703228943983e-02 5.089875540140677973e-02 2.542866620159715818e-02 1.869736319073912398e-02
6.334198418895859994e-01 4.620383455595627326e-02 1.127485343623998854e-01 7.495670939796018895e-02 1.001865524333920704e-01 1.647578081645554443e-02 1.600874654425013532e-02
6.100996935812057487e-01 4.279649091515790732e-02 1.857828669587225923e-01 4.328010731975816261e-02 7.556338660513399474e-02 1.125888931200248744e-02 3.121856530801911389e-02
6.125700961928899346e-01 4.441484294967771446e-02 1.544728097260588406e-01 8.206466579215468404e-02 4.678488297694024384e-02 3.367223420194963290e-02 2.602046816032899113e-02
5.781300710420811395e-01 4.571814470942330011e-02 2.252288304582407141e-01 4.747393934054987275e-02 7.211603432157050186e-02 1.705896125803356769e-02 1.427401887010078078e-02
5.467232953783228711e-01 5.401896905031477319e-02 2.617539189553167445e-01 4.660291262926666289e-02 6.344008917775563472e-02 1.325574939795909693e-02 1.420506541106419419e-02
4.614015481644757610e-01 4.173265305920040996e-02 3.154386801995619494e-01 1.052058092518817767e-01 4.346279893388613202e-02 1.607995029716150631e-02 1.667856009383236401e-02
5.434884306546445831e-01 4.381238241196213495e-02 1.529170617559358625e-01 7.862429863802941621e-02 1.470463193682945702e-01 2.239359997031048835e-02 1.171790720082292216e-02
5.426515234023425727e-01 4.628927160580320610e-02 2.058851670848921289e-01 7.382864087100776684e-02 7.778796832737090716e-02 3.999849004896572496e-02 1.355893865961768294e-02
6.126707864737146458e-01 4.749963291627693623e-02 1.814394902352343131e-01 5.509999616088537278e-02 4.001473437949331496e-02 3.414598356241173305e-02 2.912937627198363549e-02
4.585124421758031699e-01 4.113455767562541193e-02 2.819094173662046732e-01 7.338766781422853547e-02 8.888000217746516718e-02 1.363984695066907706e-02 4.253606584000395319e-02
6.145352881994081695e-01 4.811223029897469111e-02 1.549808898639840615e-01 5.259164666367529412e-02 7.665060388847404205e-02 3.832189045283922874e-02 1.480745063264425274e-02
6.020447966640550819e-01 4.199199957620302487e-02 1.437051441990200296e-01 5.133180139644581003e-02 5.640283223788501027e-02 6.511215399291549188e-02 3.941127193347546825e-02
6.024055886674787308e-01 4.948686978804981568e-02 1.440931404475692679e-01 3.769136106887870097e-02 1.182318382790064626e-01 1.171334201292100266e-02 3.637785973609614087e-02
5.282031150033106304e-01 4.400471766278063468e-02 2.530370054686683634e-01 6.145718603974103383e-02 7.390578171872191904e-02 1.167996663273277932e-02 2.771222747404455955e-02
5.549929255193200017e-01 4.241426596402796817e-02 2.015051846477630693e-01 7.558888167696248273e-02 5.159524584429511090e-02 1.782350547677654176e-02 5.607999087085475953e-02
6.060849964986775307e-01 4.630421055936213837e-02 1.410762736730737932e-01 2.889918898564035679e-02 6.014599488270803984e-02 3.464296694776961005e-02 8.284636845276861783e-02
5.482161708911720277e-01 4.153590200167026764e-02 1.726295929227186499e-01 4.515017372547673602e-02 1.387685194804307298e-01 1.390128934277775306e-02 3.979835163575382029e-02
5.081703560788791707e-01 1.535325904949765563e-01 1.277840727531865395e-01 4.075151772035696257e-02 7.846367531535179685e-02 2.507474658478182558e-02 6.622304105246711037e-02
5.750643977760271364e-01 4.367560506606142645e-02 1.562179061814076286e-01 7.588036825805269392e-02 7.154449834850977463e-02 6.271777555848645491e-02 1.489944881145487815e-02
4.237285223776504073e-01 4.069483384538193083e-02 1.909687861596193748e-01 4.859366162177287951e-02 2.643079550072804929e-01 1.730310912009412963e-02 1.440313186820087535e-02
6.106019427955572398e-01 4.593974236395311633e-02 1.168296989690839616e-01 9.654235303971696325e-02 6.264271422936275313e-02 2.548550939922770639e-02 4.195803920309824214e-02
5.128091947647661630e-01 3.955224692716562823e-02 2.007464522665506623e-01 2.168866206260463766e-02 1.470444636527031002e-01 2.846788834358891102e-02 4.969109198262090105e-02
4.453382602215117947e-01 1.958592818745754083e-01 1.771923928126040160e-01 1.064179863832667855e-01 4.821745120465543294e-02 1.336872398014844407e-02 1.360590352323802314e-02
5.143358808234065327e-01 4.464873990288283773e-02 2.828270658461204956e-01 7.039432947028106957e-02 4.055460140707567440e-02 2.745881518695750256e-02 1.978056736327587009e-02
6.188510221986562865e-01 4.699092031551203863e-02 1.775897394881357505e-01 3.838227868232013673e-02 8.405763033478809432e-02 1.373354343983027373e-02 2.039486554075739880e-02
6.047071775786501124e-01 4.496619342427544963e-02 1.515947382358627249e-01 2.647710915221866690e-02 1.364439944554974027e-01 1.503338080292003845e-02 2.077740635057560847e-02
5.876439765411989313e-01 4.637877289416126453e-02 1.817650963827378008e-01 2.809532836060045849e-02 1.119299133958976539e-01 1.481620833076499263e-02 2.937070409463895387e-02
5.922613612933406158e-01 5.095270287424816941e-02 1.947386007996842749e-01 8.116638472195966680e-02 3.706616655415267969e-02 2.911208829960941144e-02 1.470269545700511951e-02
5.064842921327206149e-01 4.151171614845379498e-02 1.160836822564606657e-01 6.825326578564572255e-02 5.618340976521921104e-02 1.174961211004783429e-01 9.398751281102177280e-02
5.146120506071819589e-01 4.615774157708630449e-02 1.424997279855081955e-01 3.874843529809555293e-02 1.736868340292940793e-01 6.081323492567698025e-02 2.348197557715701878e-02
5.579882096335818664e-01 4.854304668685224117e-02 9.427677570680774444e-02 5.795079016604387512e-02 9.803532830771059803e-02 1.298926425658580297e-01 1.331320693314573186e-02
4.491386205503640205e-01 4.679873131069079567e-02 2.879426851627513995e-01 1.055969031504174760e-01 8.437016615852377388e-02 1.329495349062851002e-02 1.285794017662419617e-02
6.336037342979234932e-01 4.159073584799671819e-02 1.815393107544706341e-01 3.713565086368370710e-02 7.133391174709362292e-02 1.441219155546258866e-02 2.038446493336922363e-02
5.547076853829073784e-01 8.008358107093754841e-02 1.657001840096999634e-01 5.316260550665059120e-02 4.730178086562291523e-02 7.077621386177088136e-02 2.826794930241064568e-02
6.208338689227083096e-01 4.698939213425177425e-02 1.917411322822519248e-01 4.335075924424904720e-02 5.424096457430362811e-02 1.666400090988069335e-02 2.617988193235462613e-02
6.165674809564888337e-01 4.452252116602691684e-02 1.351191207523820270e-01 9.583875638729388857e-02 5.395595654766387889e-02 4.076078091970913864e-02 1.323538327043520188e-02
4.774896611909837385e-01 4.472975894841681177e-02 1.138808389602784521e-01 2.904137266546448840e-02 1.747873350614024546e-01 1.506724414534935386e-01 9.398591719960392929e-03
6.008646598248967852e-01 4.697959212738172380e-02 1.506159369847134832e-01 4.165976935933565078e-02 8.131937667247161883e-02 5.754657571206916317e-02 2.101408931913142236e-02
5.898742731035423459e-01 4.207392206686544345e-02 1.361606421372355269e-01 1.085578926196859584e-01 7.182594176909860850e-02 1.229377167280565342e-02 3.921355663076642878e-02
6.052831046756570466e-01 4.722385916328433048e-02 1.826838218308109996e-01 8.440193019097141924e-02 4.292408226244644881e-02 2.121088876322875516e-02 1.627231311360106958e-02
6.110856775313042721e-01 4.268412818308241208e-02 1.561572424850435070e-01 4.447776705262324742e-02 7.962661081493713211e-02 4.376537184564683464e-02 2.220320208736267439e-02
5.742265726470215936e-01 4.637585566457062825e-02 2.273402365107550505e-01 3.190790855154545386e-02 7.867396858011918570e-02 2.993322320517706470e-02 1.154223484081097484e-02
5.245555983411108736e-01 4.804402620152450898e-02 2.384688090672385519e-01 5.431140598866444902e-02 7.070564522663759510e-02 4.394126129271635345e-02 1.997325388210756739e-02
6.305635634247932497e-01 4.720369480233131687e-02 1.748854023415980230e-01 4.852092077458305258e-02 6.773406993418795707e-02 1.495726314904516178e-02 1.613508557346120947e-02
5.794830575827334407e-01 5.202109449168022814e-02 1.110771819273779354e-01 5.891123334119224147e-02 5.466574644539782396e-02 1.346178456381708355e-01 9.223840573447312716e-03
6.155276672785047198e-01 4.656560215671109310e-02 1.814835738735863235e-01 4.877059117270564348e-02 4.873177560076179943e-02 4.332154718127737697e-02 1.559924273645290661e-02
6.192055243857705893e-01 4.450066369743189282e-02 1.627292485937087141e-01 3.574182449703634107e-02 9.615059465780748105e-02 2.377874172422133822e-02 1.789340244402356367e-02
5.041399366991947684e-01 4.365349022618756486e-02 2.537739619071841535e-01 9.031655381573377994e-02 6.528499501601071897e-02 1.733359411490158555e-02 2.549746822078753292e-02
6.257065168670661315e-01 4.482441863878837418e-02 1.274221016216718072e-01 8.082670259666829837e-02 8.008611154034868396e-02 2.107553431662571516e-02 2.005861441883098270e-02
5.977920198912957117e-01 4.191360589619103766e-02 1.810881782306070498e-01 5.791655402734685598e-02 9.066925826652978693e-02 1.378520816162880948e-02 1.683517552640084042e-02
6.043515447225336068e-01 5.095363731301813526e-02 1.839053867224006433e-01 2.634021868488239243e-02 8.281072770463335231e-02 2.181883313805862284e-02 2.981965171447320886e-02
5.593748869853334416e-01 5.587945323376997814e-02 2.275828634283569019e-01 3.089336671387273373e-02 9.298623482879600499e-02 1.575117341005171853e-02 1.753202139981908936e-02
6.439709329866776244e-01 5.027675016048328144e-02 1.506048497376653861e-01 5.688743285225156959e-02 5.049584673908058541e-02 1.490990585616254818e-02 3.285428166767880021e-02
6.091558825185334758e-01 4.029718377154811043e-02 1.857354460005295194e-01 7.266308840676412306e-02 3.651710203915284336e-02 2.857230686607234796e-02 2.705899039739980902e-02
4.379248080103648189e-01 5.210537262619875654e-02 3.191123819001398521e-01 3.570359803785504854e-02 1.206781630460328908e-01 2.236863387216686538e-02 1.210704250724181467e-02
5.839178326916717454e-01 4.527381813362182233e-02 1.961956755444600464e-01 5.979239127319203179e-02 6.553662353457619105e-02 3.392780193663639393e-02 1.535585688584179161e-02
5.856791565379426689e-01 4.278150615829683090e-02 1.601934479382178533e-01 1.858702951458880356e-02 1.237810999065219048e-01 5.207562884214531063e-02 1.690213110228663135e-02
6.347639042066313131e-01 4.530321000110243412e-02 1.812336217507367064e-01 4.389373923038337316e-02 4.350570216555735281e-02 3.758505861760839256e-02 1.371476402798055445e-02
6.126996663842070312e-01 4.930234584104888768e-02 9.994300699455317682e-02 9.562437523668820827e-02 7.997986670222231864e-02 1.418909278053102907e-02 4.826164606074929975e-02
5.705910979531286786e-01 4.486948371656321322e-02 2.299549132093253456e-01 3.536283714995000493e-02 4.483235594322953349e-02 1.874217438552462645e-02 5.564713764227853521e-02
6.120181118111680529e-01 4.472007404580045226e-02 1.751820438028209859e-01 3.346628379891242178e-02 5.698810333240567766e-02 4.213126991856957354e-02 3.549411329032296086e-02
5.312181843731401676e-01 4.804011420860164472e-02 2.318875654122061480e-01 2.919292446089711418e-02 1.215523992416082250e-01 1.228104446155973278e-02 2.582776784198714815e-02
6.164353054820710387e-01 4.546922706263475250e-02 1.833320193883185012e-01 5.641318743831653243e-02 6.839179470951049777e-02 1.409588440615998362e-02 1.586258151298882216e-02
6.369367238697775102e-01 4.990140741001426045e-02 1.682354051847593512e-01 4.810886330364076008e-02 7.257816812637675474e-02 1.184154023217528703e-02 1.239789187325607105e-02
6.271598305305936538e-01 4.723166055915583444e-02 1.279545633036857644e-01 5.788827712884524190e-02 6.905180198361772492e-02 4.877890532135401025e-02 2.193496117274766968e-02
4.403068425224758720e-01 4.105325532781841508e-02 2.247757477815577332e-01 4.542159551693667613e-02 2.196635618374484511e-01 1.273215497577044608e-02 1.604684203799230588e-02
6.316483507540878728e-01 4.239697657542464831e-02 1.702631807912476092e-01 6.063874643579461599e-02 5.205328375576822458e-02 1.867186838859072329e-02 2.432759329908624341e-02
5.064528254933681195e-01 4.618971499773558143e-02 2.779396272168082604e-01 3.231771608570933874e-02 6.229405478469421387e-02 2.743202692759854830e-02 4.737403449408607303e-02
6.178248018341014891e-01 4.636458860808142374e-02 1.676003192197741687e-01 4.691551310736646191e-02 3.354493075106815964e-02 1.171917728395444752e-02 7.603066919565391879e-02
4.366059608564484273e-01 1.251901162521857069e-01 2.851777352243495822e-01 4.526597703797521216e-02 6.458554534891262910e-02 2.405815356070943947e-02 1.911651171941908256e-02
4.975746975085944546e-01 1.152208759878690231e-01 2.247544028424416918e-01 6.141956945260620276e-02 6.582702326506308099e-02 2.270060184124440480e-02 1.250282910218119582e-02
5.756627718706882613e-01 4.112041362870789973e-02 1.387289591115031528e-01 3.439197064715750207e-02 6.435417030716515663e-02 1.240581923353755583e-01 2.168352209940254544e-02
6.280401276908886832e-01 4.849063794107879438e-02 1.632309910698349353e-01 7.891100576626187968e-02 3.169288615488848743e-02 3.538092915110528647e-02 1.425342222594184506e-02
5.063941817437036530e-01 4.368596247200651206e-02 2.692306197974259629e-01 4.350250322046281953e-02 6.950420476907942513e-02 1.949092096750770775e-02 4.819160702981398203e-02
5.186641483237450778e-01 1.593065320474663926e-01 1.681648125463429122e-01 4.977749349560365438e-02 6.315670200948932111e-02 2.646235859308765370e-02 1.446795298426493959e-02
6.147868664749687184e-01 4.194889608310379409e-02 1.550588813907077812e-01 4.326251757665815212e-02 1.018164587651685105e-01 2.808299689440090646e-02 1.504338281499223787e-02
5.934564360991134713e-01 4.326869930473684067e-02 1.867503061617453441e-01 6.784400249590569199e-02 4.830489645886519579e-02 3.732250621932975410e-02 2.305315326030345918e-02
5.030644549979580438e-01 4.711654844093003669e-02 2.594196290394881199e-01 8.544330559357336818e-02 5.811274424841397085e-02 1.486081786328282729e-02 3.198249981635350320e-02
5.777195481722453563e-01 4.097016554607216948e-02 1.678971072071197557e-01 7.736550871698121001e-02 1.025288160396487236e-01 2.135644950108216145e-02 1.216240481685061138e-02
4.823207050555781694e-01 4.258229249265582661e-02 1.389249741123074755e-01 3.871528431013585014e-02 2.171794383632805747e-01 2.585117561314693307e-02 5.442613005289525380e-02
5.675242867084920873e-01 4.438083155297659066e-02 1.159437429704592709e-01 1.777162720651124725e-02 1.105624616165211960e-01 1.329744693413400514e-01 1.084258060369956873e-02
4.793038444171998647e-01 4.027858039214739228e-02 3.003043134317949225e-01 5.632038367313136479e-02 9.242991897508406884e-02 1.333062376553101336e-02 1.803233534511114455e-02
4.716485277987575442e-01 4.604826997236854957e-02 2.690681525709478494e-01 3.098966045843708217e-02 7.458985407865664774e-02 2.436906222338824923e-02 8.328647289744416093e-02
5.090736139725566822e-01 4.926065005492439447e-02 2.826002990504502543e-01 4.530546082544837511e-02 4.351630319727942120e-02 1.607936457208117981e-02 5.416430832725981082e-02
5.593370285393417518e-01 4.218669709869337509e-02 2.360848523224260698e-01 6.243485830627342609e-02 6.920562510823489999e-02 1.482233887259961497e-02 1.592859975243082413e-02
5.081878119506401115e-01 4.668160037571093823e-02 2.671441900715122442e-01 8.650530619641923213e-02 5.772736266508238928e-02 1.239211897327770900e-02 2.136160976735754918e-02
6.081082396681664060e-01 4.108747713088714559e-02 1.019705140691964801e-01 5.810888747470535631e-02 1.092300725652278481e-01 9.940787925146587350e-03 7.155402116667015922e-02
5.983445341915550886e-01 4.287023113673536778e-02 1.697665066566491632e-01 5.692918457416461936e-02 9.983627052838019156e-02 1.818895954770357801e-02 1.406431336481209042e-02
6.367610466123163615e-01 4.323374200923302269e-02 1.609041796025158788e-01 4.173375930736010486e-02 6.039825593436647100e-02 2.649675096481047404e-02 3.047226556939774955e-02
4.268115144416503859e-01 1.958672172379430365e-01 1.758426071131314605e-01 3.328007562205925751e-02 1.164052618964581676e-01 1.139755135631106281e-02 4.039577233244665694e-02
4.408647554863576179e-01 8.812332238878610446e-02 2.795885422863628178e-01 4.664431378255940591e-02 5.945219951815732679e-02 4.865446577128065830e-02 3.667240076649610353e-02
3.625621400273133510e-01 1.062552254301698529e-01 2.935611922334446788e-01 3.844835082757374484e-02 8.860451452234299752e-02 7.948570055435842663e-02 3.108287640479682687e-02
4.722097738619887575e-01 4.561945790540579415e-02 3.193470582579855943e-01 2.095859805570274292e-02 9.807149297187653381e-02 3.019513487731999984e-02 1.359848406972056535e-02
5.655407188577697974e-01 3.697341809866660362e-02 1.654745418504840471e-01 3.722585629896014991e-02 1.105046924409893300e-01 7.331697068383091764e-02 1.096380176929908842e-02
4.841673727399171678e-01 4.257004113628932995e-02 3.052238204012296396e-01 4.811905113099072817e-02 4.353337581776685339e-02 1.419342268669214480e-02 6.219291608711415703e-02
5.148834367998029737e-01 4.186325567832774319e-02 2.700111844582550047e-01 2.730753837876213203e-02 4.719923521771058478e-02 6.328601329741745385e-02 3.544933616972403834e-02
6.093000763217727433e-01 5.724355296915582120e-02 1.678867112487730517e-01 5.509701253034969548e-02 7.010621298555455572e-02 2.649558696718727624e-02 1.387084697720696903e-02
6.163167173160409851e-01 4.725530925898421136e-02 1.573494704890569806e-01 3.424898635745950853e-02 6.432658818941792978e-02 5.025871579194907818e-02 3.024421259709135501e-02
5.734771083081876553e-01 4.749844393585176544e-02 2.196709403917062597e-01 3.183191888901818617e-02 8.154691918646959914e-02 2.751189305404144747e-02 1.846277623472518392e-02
4.910695434152662631e-01 4.734335074262357307e-02 3.057052156237602403e-01 2.375196321448939593e-02 4.554794328810202880e-02 7.334827521742301459e-02 1.323370849833544784e-02
4.804252102150394221e-01 3.999821492608003626e-02 1.917495976841535610e-01 2.291075626237003976e-02 2.348985079905401285e-01 1.373584219151053123e-02 1.628187073030616314e-02
4.745910035098100388e-01 4.577879178179595360e-02 3.126060169857812765e-01 4.339595091769556101e-02 3.863353983675910791e-02 6.468747095072920061e-02 2.030722601742887198e-02
5.804591533024237027e-01 4.674973466575804010e-02 2.039252720351933112e-01 4.362263000954935688e-02 6.527276791839595194e-02 1.164501862024765189e-02 4.832542344843211019e-02
6.290463809280235630e-01 4.729991323409656057e-02 1.640853142119833574e-01 3.280350547644192427e-02 5.000625825708471250e-02 1.686643377044853148e-02 5.989219412192132302e-02
4.881107787674594523e-01 4.630291161532398836e-02 1.296520828616723464e-01 3.888047325228596168e-02 5.273941819642295747e-02 1.048667735124368325e-02 2.338276579555916557e-01
5.959021870658004483e-01 4.542639110932253366e-02 1.627172747059701385e-01 7.124350676868904109e-02 3.683271962313788839e-02 7.033070178127825978e-02 1.754721894580168681e-02
5.578693680643116437e-01 4.491823751317833291e-02 2.280539445635887397e-01 4.114523245119826311e-02 5.880616159192636472e-02 3.825340468297980939e-02 3.095365113281677710e-02
5.149147334501121831e-01 5.286073555976027877e-02 1.120342226008576164e-01 1.875511955383701510e-02 1.588237594890325177e-01 1.313249836210800547e-01 1.128644572532013120e-02
5.369946641289802258e-01 4.317429127057974964e-02 1.604065346447434981e-01 3.658866841738065562e-02 1.373537551011053126e-01 7.232446370591022466e-02 1.315762273130051223e-02
4.285633469695792619e-01 4.565523865908491241e-02 2.990007098234807037e-01 5.404849153981435006e-02 5.036515196957570828e-02 6.149179490464700554e-02 6.087526613381796098e-02
5.912851322267521637e-01 4.740953715743562863e-02 2.206030878924080396e-01 6.592928195803944569e-02 4.605746168925228118e-02 1.731347121150452958e-02 1.140202786460782665e-02
6.230784456043014785e-01 4.862170208899137258e-02 1.223112688893652766e-01 6.686683946489914432e-02 5.664352868394449680e-02 2.548831425503567810e-02 5.698990101346244896e-02
5.682522083159473603e-01 4.534735394606920211e-02 1.816192170712433718e-01 2.715172640932763531e-02 1.451091940915724965e-01 2.034313608751116623e-02 1.217716407832890486e-02
3.991876580309300371e-01 1.201063095174142586e-01 3.037619865945135333e-01 5.085102454974394642e-02 4.048552431253422262e-02 2.428605170373309557e-02 6.132144529113094100e-02
5.629581621435802985e-01 4.728977053596331026e-02 1.351966288772602498e-01 3.325355993311098629e-02 9.080022188504947855e-02 8.609989978659673970e-02 4.440175683843877036e-02
5.946264816077218018e-01 4.047067601023721095e-02 2.096803939743034917e-01 5.900571920363252565e-02 3.459525112978944356e-02 4.630979454576349824e-02 1.531168352855214257e-02
4.231840106500835974e-01 4.729648122019990825e-02 3.234077451706022233e-01 3.426491474151405897e-02 1.124528373885207710e-01 1.336391506104111539e-02 4.603009576803825109e-02
6.061028559147565442e-01 4.582219601587272928e-02 1.881239772471011984e-01 3.332472331375203184e-02 8.533817152831188468e-02 2.610724137334594769e-02 1.518083460685961360e-02
6.133325212667236626e-01 4.504496647408803151e-02 1.044724930380260541e-01 1.115044672648849988e-01 5.148844781323929504e-02 2.087508912115098453e-02 5.328201502188697342e-02
6.114153898662686437e-01 4.829850917087958467e-02 1.288915398005655855e-01 4.616057230804022915e-02 4.362211258912621070e-02 7.981309517656418051e-02 4.179878108855573926e-02
6.088302161880470020e-01 4.365824626476669246e-02 1.208569127975685498e-01 5.416649824481179626e-02 1.106822654488975738e-01 1.151579959022312402e-02 5.029006146568512636e-02
4.823751966694557192e-01 4.346635639807179541e-02 3.078480001147325673e-01 5.065487452130353063e-02 3.667313374209726223e-02 6.346954047023166401e-02 1.551289808410746991e-02
5.852945767546684497e-01 4.290777256625731562e-02 1.980763827929959420e-01 2.680272600351148171e-02 1.190817732158196973e-01 1.638849379228924513e-02 1.144827487445791193e-02
6.244502562842061399e-01 4.831950825946024208e-02 1.176247490491556802e-01 9.118725921134493428e-02 7.137959327641979490e-02 3.377638959835384952e-02 1.326224432105924285e-02
5.616942847129117178e-01 5.512353329550451209e-02 2.427117873870296427e-01 4.427235355205767775e-02 6.229422040830601137e-02 1.550323049919235911e-02 1.840059014499799417e-02
5.120412900388832123e-01 4.213232168533900812e-02 2.659058741194826325e-01 6.582334112883214683e-02 6.911988301982620320e-02 1.655401365913602985e-02 2.842327634850090601e-02
5.470583507508717247e-01 4.216502982545429490e-02 1.299708672481681426e-01 5.701187105783206421e-02 1.178113750087440292e-01 4.623259088951654078e-02 5.974991521941317579e-02
4.020884537931065372e-01 1.759306983436058625e-01 2.359524208887974761e-01 2.504022366946678096e-02 1.224425601546716008e-01 2.690501669664956477e-02 1.164062645370217940e-02
6.201702920636488203e-01 4.155985633912984145e-02 1.513527088186107372e-01 8.768359537231530665e-02 6.295676412278311540e-02 2.074890231987455008e-02 1.552788096363755602e-02
6.192926077397884477e-01 4.769734623108924654e-02 1.868107709440357256e-01 2.951972820928849134e-02 4.857837545400200963e-02 5.296289338022342613e-02 1.513827804157271383e-02
5.586417458797725555e-01 4.266035116046752035e-02 1.829373620776926501e-01 2.218575927025197292e-02 1.471843489746026135e-01 2.582290039958736599e-02 2.056753223762535637e-02
5.883487011022017210e-01 4.451971104522914335e-02 1.886172925429236147e-01 7.754575525485898901e-02 3.533545190344347664e-02 1.377607440294605079e-02 5.185701374839701144e-02
5.905641051411344433e-01 4.754795503832812825e-02 1.526285218596422077e-01 5.550878604133758359e-02 5.931548131358130305e-02 1.503484423785732098e-02 7.940030636811896969e-02
6.103552666296400142e-01 4.904314339611064860e-02 1.807682148525881771e-01 5.972048018033507960e-02 6.115268102593042487e-02 2.133201203092260564e-02 1.762820188447304995e-02
3.974615046337276469e-01 2.246245301473458189e-01 1.896329247623434466e-01 4.555586869507040337e-02 4.609447393701582296e-02 6.638880203660370294e-02 3.024189578789309926e-02
4.862927161450090741e-01 4.441067647217280395e-02 2.789841490438519922e-01 3.927333727273919772e-02 9.336824505812370278e-02 3.679502123841903866e-02 2.087585476968422532e-02
5.231708592914348088e-01 8.100622940882559742e-02 2.328875522912124962e-01 4.849885633628023274e-02 5.028715933165683188e-02 3.862343439390985428e-02 2.552590894668017169e-02
6.110871879281213337e-01 4.504051280930704976e-02 1.771278356371779605e-01 5.622502780964367536e-02 7.370032754969241262e-02 1.815840654850983671e-02 1.866070171754769663e-02
4.948445296465378562e-01 4.575822175272610537e-02 2.706594214772477525e-01 5.176038065960146539e-02 4.123662256625290623e-02 8.164909100377995554e-02 1.409173289385406980e-02
5.922352757150444180e-01 4.271427218078405891e-02 1.122931934463919645e-01 4.295314634783037322e-02 8.885303825491223939e-02 6.094934125242059547e-02 6.000173280261635045e-02
5.361859660464889377e-01 4.364493522086017319e-02 2.534476766947229009e-01 4.585434063972853441e-02 8.436402835971013037e-02 1.875619952346235103e-02 1.774685351502699668e-02
5.707801539466720309e-01 4.453029085731623898e-02 1.945249469041558932e-01 7.746906326656244346e-02 4.693929234415678692e-02 2.147537959166686411e-02 4.428087308946982575e-02
6.007157164627465740e-01 4.308628093181540025e-02 1.825987759064734428e-01 6.541599239751193229e-02 6.933688025971183888e-02 2.045420469491006366e-02 1.839214934683082794e-02
5.703454175665065851e-01 3.920365021691690766e-02 2.072478784357350001e-01 4.499429529508290615e-02 1.117169419365023064e-01 1.349631917107491259e-02 1.299549737818134210e-02
4.421105901419065676e-01 4.577454097559821578e-02 2.731318645759698849e-01 3.079759361696824543e-02 1.784135379946429900e-01 1.500621603182471231e-02 1.476565666308960779e-02
6.185876659651775578e-01 4.666986133623769045e-02 1.910613870880823462e-01 2.575839128077542575e-02 5.547837673230297806e-02 3.265641118343487470e-02 2.978790641398923120e-02
6.126018423911704369e-01 5.152213707735753268e-02 1.867609611702768235e-01 3.977923133752297308e-02 4.676120424024911987e-02 1.446140248044469612e-02 4.811322130297836230e-02
5.349886845828538684e-01 5.799226136128154269e-02 1.934029212995163061e-01 1.929932587564580498e-02 6.493931567799814120e-02 1.404025437917119298e-02 1.153372368235331957e-01
6.248583325540166822e-01 4.388272619029369437e-02 1.413163673740438497e-01 9.356128955952469628e-02 5.438342297369375827e-02 1.323124301951544846e-02 2.876661832891198173e-02
6.075579321281341372e-01 4.800103752477725971e-02 1.744162489572245733e-01 4.261500411179369729e-02 7.035504045698942610e-02 4.294004235506435063e-02 1.411469446601675871e-02
6.046584899656219925e-01 4.697777985575047471e-02 1.466975898640932585e-01 7.459113869610202452e-02 5.838518798405383653e-02 4.303781032163213338e-02 2.565200331274644988e-02
6.144448255652987800e-01 4.685492573238907166e-02 1.703336319994035453e-01 7.668979911543440109e-02 5.627730784161314587e-02 1.606800400421897965e-02 1.933150574164190991e-02
4.624799938261047738e-01 6.456308406104621644e-02 1.372872563483665542e-01 6.297161612492561955e-02 1.350222585173540546e-01 1.135611687411723220e-01 2.411462238103050451e-02
6.121094295519550199e-01 4.878479768966217933e-02 1.682121433550215206e-01 6.673041845670789340e-02 4.423850002198315839e-02 3.918789427883261067e-02 2.073681664583752401e-02
5.121006879358276365e-01 4.424639994583398628e-02 2.668361492765236598e-01 9.049448196597191518e-02 5.605474854300594723e-02 1.360648944681114476e-02 1.666104288602577796e-02
4.933261416798199184e-01 1.772102647965826672e-01 1.219143087566683936e-01 5.025140026232505913e-02 4.110033192796845591e-02 5.441302795577759865e-02 6.178452462085784469e-02
4.936164157810813968e-01 4.643222394400862291e-02 2.851139765141987858e-01 6.571302717099263002e-02 3.757742401036763547e-02 4.284724147065113037e-02 2.869969110869975693e-02
5.525249893707790960e-01 4.679810022488437721e-02 2.447811077037847505e-01 4.396489434571173444e-02 6.840258636386827018e-02 1.523430355307517706e-02 2.829401843789651136e-02
3.882593309217304833e-01 1.133355799149972365e-01 3.154021370919782852e-01 9.045293662719861016e-02 3.534523010897561851e-02 3.515940659748032632e-02 2.204537873763928735e-02
4.534211393489566144e-01 4.645414432183107845e-02 3.146284750201204239e-01 2.347054344463658446e-02 1.186050882429717929e-01 1.545921715334635724e-02 2.796139246813712786e-02
6.052600850320550840e-01 4.529321426715253451e-02 1.111230805552833600e-01 1.118978030161055515e-01 4.389453199559057578e-02 6.240667890642274257e-02 2.012460622738991567e-02
4.618074110033755786e-01 4.350546092954447192e-02 1.205286180014329828e-01 3.447503779650750583e-02 1.509666074456483265e-01 4.783324270737225603e-02 1.408836221161189062e-01
6.219254369359283885e-01 4.283182489391219872e-02 1.700006306820167346e-01 4.141245690039586924e-02 6.907352284246867646e-02 1.084434187601275579e-02 4.391178586926550165e-02
4.139827502836688211e-01 1.870896414802215579e-01 2.181126106290282585e-01 7.724239694902002018e-02 3.598732720990061723e-02 4.954296722991060470e-02 1.804230621825021405e-02
5.111373875792413202e-01 4.962290062001188662e-02 2.158517539133754382e-01 9.125085600959355336e-02 5.048329692421542336e-02 5.580752426787873033e-02 2.584628068568360984e-02
5.999702567801529218e-01 4.117235038869826447e-02 1.785987687977972360e-01 6.317617763084364124e-02 5.320301660792577797e-02 1.533561734980899878e-02 4.854381244477323776e-02
4.250462592334506295e-01 4.399862357960795944e-02 1.430212142108552575e-01 5.798288069790234062e-02 2.997194949377494089e-01 1.537445666072884826e-02 1.485707067970553664e-02
6.097036819576663325e-01 5.003155005963048907e-02 1.665588808715820768e-01 4.051229730277408625e-02 7.751582286308512926e-02 1.834473527857800532e-02 3.733303166668389128e-02
6.225872834785949328e-01 4.555635706350845415e-02 1.805258743750807471e-01 6.986222136034959951e-02 3.961045207831873083e-02 2.594860193788717587e-02 1.590920970626016895e-02
4.566050339426099280e-01 4.247094709428973075e-02 3.099034371926452369e-01 1.244065589849842161e-02 1.500003267585012789e-01 1.258456595375212136e-02 1.599503315970328757e-02
5.638747256972098665e-01 4.188017568157828552e-02 2.247390931781283185e-01 9.371412632802315901e-02 3.749464959479205384e-02 2.315906887658776905e-02 1.513816064368050072e-02
5.315274349869153481e-01 4.485623734721706779e-02 2.583676354871687342e-01 2.858587525408261623e-02 6.053860832972566414e-02 5.348111603061785763e-02 2.264309256427262176e-02
5.473066555895231833e-01 4.449222210958126561e-02 1.649290225472603566e-01 3.556127592931675185e-02 1.652587132171718931e-01 2.142952321125696918e-02 2.102258739588970179e-02
5.844439907546580271e-01 4.731321776648805127e-02 2.012380062157428928e-01 4.715947573625995509e-02 6.606095274684381513e-02 2.444761205791868772e-02 2.933674472208836620e-02
6.048807523919234042e-01 4.604931863530319774e-02 1.565518002690509947e-01 9.994762303156688732e-02 5.878405785787415433e-02 1.511535339024841322e-02 1.867109442403293643e-02
5.803284434266410274e-01 5.129070664461334028e-02 2.070347197941450335e-01 5.200186705895799150e-02 3.346969040540771767e-02 3.094280807560419524e-02 4.493176459463072564e-02
5.438350129774828234e-01 4.375793752894735489e-02 2.273406999229233560e-01 4.376711896103843702e-02 8.084878670597733796e-02 4.789703356325957645e-02 1.255341034037107430e-02
4.983950003875993739e-01 4.362171196776933740e-02 3.179856015793873780e-01 6.002646931501656041e-02 4.717628030480381512e-02 1.359957849459398661e-02 1.919535795082949817e-02
6.235467499197733243e-01 4.198267456038680401e-02 1.890346025453396861e-01 6.506234502477954706e-02 4.111784886125362248e-02 1.404104663083470365e-02 2.521473245763215104e-02
4.210234331864193824e-01 1.530533483029610786e-01 2.506106905718509248e-01 7.988116962033692259e-02 3.766697492082639320e-02 1.234296443821288579e-02 4.542141895939235535e-02
5.924577387272300655e-01 4.659628176739873118e-02 1.840010961122965916e-01 6.027766470422047523e-02 3.077514065822060940e-02 7.213009048274139634e-02 1.376198754789212039e-02
5.794326137983613068e-01 4.544105146727899641e-02 1.447303885395453127e-01 4.744489907165803932e-02 3.541460499063305706e-02 7.899576504053650028e-02 6.854067709198680136e-02
6.215211793815146324e-01 4.648426524911038887e-02 1.448652648267511056e-01 1.016546558584499327e-01 5.195698321315149470e-02 1.823423237702358549e-02 1.528341909399881342e-02
4.828492887147275425e-01 4.295780241363096608e-02 1.478651472184281390e-01 5.285136967371372591e-02 2.199463836535271999e-01 3.480725158222332249e-02 1.872275674374902429e-02
5.174226185050730953e-01 4.209915990999901075e-02 2.272782782561032222e-01 6.958308012989397606e-02 7.690069384625400351e-02 2.057168564509711389e-02 4.614448370757967544e-02
6.307364870025728987e-01 4.356491514100275381e-02 1.571108471388727446e-01 8.255481461540821464e-02 4.781497237498066877e-02 1.526550765055993859e-02 2.295245607660259535e-02
5.236942925661990378e-01 4.705243851132053651e-02 1.349619399842102996e-01 9.828158615301627044e-02 5.436874587972049394e-02 1.279673360328378029e-01 1.367366087269570110e-02
5.310163408955327347e-01 4.918939326011254054e-02 2.749511796464810254e-01 3.443575713329044552e-02 6.868952926104637813e-02 1.879422447681120337e-02 2.292357532672559262e-02
4.543229731743895772e-01 6.468510989400014233e-02 3.091431718963527642e-01 4.145571346622192038e-02 7.727964546742126239e-02 3.481647525828415746e-02 1.829691084333035303e-02
6.064273084144141679e-01 4.509162632223200073e-02 2.061889389575797815e-01 3.381012387672937408e-02 5.034483738567350347e-02 1.193335008127911941e-02 4.620381496209204769e-02
4.383115925416887770e-01 2.030754888425134741e-01 1.384636599966744819e-01 5.173520756164193962e-02 6.981726568115716181e-02 7.018986329972255744e-02 2.840692207660158036e-02
5.280557347100313104e-01 5.937141209099174727e-02 9.823831863120251195e-02 4.582335903115165171e-02 7.337674006975017371e-02 2.209785914895443307e-02 1.730365763179182448e-01
5.930429093352772574e-01 4.700615838997520418e-02 1.597422050482651679e-01 4.127702200766451140e-02 5.712546187401031789e-02 4.075002929237446503e-02 6.105621405243326361e-02
5.799869300902712466e-01 6.139965754036697670e-02 1.654995823243669562e-01 5.290309341757725575e-02 1.010404446299314196e-01 1.652336537402220723e-02 2.264692662346404206e-02
5.594888487070440730e-01 4.510236148776727155e-02 2.423707012023430529e-01 4.805706361809118643e-02 6.226842678035296452e-02 2.644543959127912403e-02 1.626715861312208813e-02
4.488938213699873447e-01 5.144857505270653691e-02 1.572110716694949117e-01 5.704793710443132465e-02 1.600835972650680450e-01 1.142332546900268475e-01 1.108174284828494956e-02
6.172833463464724169e-01 4.161468579070069784e-02 1.544620653471442673e-01 7.251051532988855852e-02 5.516107506319273962e-02 4.023168438418191911e-02 1.873662773841941812e-02
5.770534303875187732e-01 4.762138702541035551e-02 2.157789237638690905e-01 4.606669454516532092e-02 7.228692143059335662e-02 2.332856575632562268e-02 1.786407709111765760e-02
5.710844702743665957e-01 4.648723278360377548e-02 1.824955933970359712e-01 3.201849851800155078e-02 1.009535781972082241e-01 4.881792269822981395e-02 1.814270413155411391e-02
4.443007046986010011e-01 4.433974275633845163e-02 2.516726046576135967e-01 7.957119284728134123e-02 5.968918680782962782e-02 3.793646536137230962e-02 8.249010287096365801e-02
5.879703918302605636e-01 4.216374138210596950e-02 1.469594185282147580e-01 6.617271164023134922e-02 7.834366791803096253e-02 5.307899357087344366e-02 2.531107513028307485e-02
6.183377228607058740e-01 5.206033590507710279e-02 1.505893701880572089e-01 3.701795539272050711e-02 5.347242807299410622e-02 3.071969638347660236e-02 5.780249119696877907e-02
5.679970696728680046e-01 4.687429171557166291e-02 1.839906010325756680e-01 2.672256060039288408e-02 1.216829323996233142e-01 3.924309652245376590e-02 1.348944805651479222e-02
4.026494362431495833e-01 3.882683181799691241e-02 9.121395549739630404e-02 1.274157312984438573e-01 3.088776829596364126e-01 1.754685837481823052e-02 1.346950380855873458e-02
4.328562442105049479e-01 4.146411955296993440e-02 1.523721000070344944e-01 3.674678209952255553e-02 1.471211223719240402e-01 3.863759019019352703e-02 1.508020415678505421e-01
6.118912386813202264e-01 4.394288244927076204e-02 1.348703702350972922e-01 4.916219572506817792e-02 6.777340016299349124e-02 2.122552846045727692e-02 7.113438428579277328e-02
5.253569040435153159e-01 4.673184150098976669e-02 2.541303484713627325e-01 4.084192794999067649e-02 6.989616296115816474e-02 3.138692002282884169e-02 3.165589505015434235e-02
6.170488295291310932e-01 4.626612300590137589e-02 1.018984323515598894e-01 8.312533644216947570e-02 7.899214177858925046e-02 3.092977989165479266e-02 4.173935700099414697e-02
5.251110171609438826e-01 1.098498677115517103e-01 2.089198592853234449e-01 7.371258734052658912e-02 4.809015694151612397e-02 1.316534814679510071e-02 2.115116341334324218e-02
5.944034141717819963e-01 4.849858478039973525e-02 1.447013554722899054e-01 2.464780893097790609e-02 1.032060245198429677e-01 2.655595962935009338e-02 5.798685249535739245e-02
5.278077011270153607e-01 4.686399249478880730e-02 2.590226548654640526e-01 8.844251388184068419e-02 4.609539110108866466e-02 2.046518064724165212e-02 1.130256588256085132e-02
6.109378978887042289e-01 4.455908653919594259e-02 6.623221685566860195e-02 1.110294398239886488e-01 1.164130090700873921e-01 3.982510789346353774e-02 1.100324192889162722e-02
5.450848013380416024e-01 4.518611490243161499e-02 2.414630257039215855e-01 2.862483911044978041e-02 1.042264993413294510e-01 1.891321510095720498e-02 1.650150450286876763e-02
4.946958818131872992e-01 4.929554938461370300e-02 3.021216969993602564e-01 4.033129601976014056e-02 3.871016141088044760e-02 5.979552945959813043e-02 1.504988491260012343e-02
