Teff L Fe/H Dnu0_median dnu02_median r_sep02_median r_avg01_median r_avg10_median
3.253588286836513466e-01 5.659781155362713506e-02 1.366844638859628369e-01 5.239401571459439966e-02 6.123809870116873194e-02 2.095180561422803067e-01 6.643688603987450703e-02 9.177183927884069448e-02
2.560624162184332864e-01 6.504571638027832614e-02 1.154317717978937674e-01 6.488806583684644802e-02 6.443243176557865437e-02 3.316184462749279804e-01 6.441972991301081475e-02 3.810142181303076414e-02
3.121955647818763224e-01 1.057510097606446514e-01 1.216351518959343930e-01 5.668478386592322449e-02 1.552306433909924621e-01 1.796374831644360348e-01 3.492718339480261475e-02 3.393817974539024146e-02
1.212983394253570324e-01 8.092260240687318418e-02 1.538309966107657134e-01 6.762546282216250204e-02 5.250513440506748147e-02 4.610602309011403444e-01 3.591763185615340359e-02 2.683960157248028999e-02
3.058037558602503814e-01 8.171743577538211067e-02 1.237940097210480511e-01 3.469792449639457627e-02 4.017334780251830689e-02 3.164998535642830624e-01 4.618835806897685775e-02 5.112531471114669518e-02
3.334758745682344094e-01 8.976222698714161896e-02 1.253926253769523658e-01 5.624165810517007397e-02 1.489117428894055351e-01 1.343151159518610194e-01 6.312336729972850558e-02 4.877738882150647881e-02
1.399021535362786617e-01 1.449450817550546611e-01 1.180813450582592627e-01 3.084336437761964894e-02 5.652448488039416019e-02 3.900148443402832732e-01 5.874759181579351092e-02 6.094113423631664778e-02
6.535179500129352503e-02 1.782315992779665847e-01 1.077587287303178876e-01 1.038515140913055801e-01 9.537557390699567816e-02 3.825013557988458102e-01 2.886819639820992905e-02 3.806123679506492885e-02
1.869307169851745498e-01 2.427196403977914807e-01 1.210157670854844630e-01 5.467901571740731853e-02 5.543408178626532679e-02 1.351939435925928745e-01 1.693260407548926039e-01 3.470079368039129947e-02
2.327457201947639998e-01 9.199326455215078857e-02 1.157964867327886671e-01 4.917482091814882883e-02 4.137681965223599656e-02 2.407703819070564077e-01 5.041929269268160402e-02 1.777232133501737144e-01
1.757962156134324772e-01 8.803093273130151164e-02 1.133239447730817889e-01 1.133989472048383129e-01 3.961930022463037993e-02 2.935306940243461726e-01 1.394366668114164765e-01 3.686329861695291504e-02
2.928542019677874420e-01 7.443161869770048567e-02 1.147154547587631440e-01 5.566343148796515372e-02 1.534812505678523620e-01 2.242410326133255360e-01 5.278372636168431054e-02 3.182928354492157302e-02
1.346587035173821001e-01 1.173830056487760870e-01 1.049410468224588749e-01 3.930780354868448206e-02 2.843083833279654721e-02 5.013787201075327049e-01 3.620773180400972679e-02 3.769215021835947005e-02
8.406246578340545450e-02 1.403259422091118480e-01 1.047204054509264931e-01 5.438929135348154198e-02 7.001254348168868546e-02 4.689793728620605395e-01 3.109413725014175539e-02 4.641584160918375834e-02
2.934083042380925543e-01 1.183623402140913244e-01 1.283232341130008392e-01 5.435307220725896921e-02 1.696305276692177400e-01 1.457473851560318334e-01 5.203143648004304039e-02 3.814369992226367828e-02
2.578687828412574712e-01 2.533004422089997765e-01 1.132406675053929113e-01 3.958390804456655976e-02 1.161929725595851337e-01 1.152020368294435632e-01 6.843633327419906820e-02 3.617485673655550238e-02
3.178066160074784485e-01 1.154360707397501795e-01 1.184540725227844066e-01 3.795582412758966712e-02 4.184966650740624267e-02 2.405391795137476196e-01 8.618025606872119215e-02 4.177831451252232708e-02
6.864948327932429706e-02 3.331696473397045555e-01 1.075003968624837075e-01 3.905009069377077258e-02 2.539213934288799268e-01 1.131289848242973822e-01 4.295524089049816696e-02 4.162476268104110116e-02
2.995339191656921640e-01 7.924274810993225948e-02 1.244541811010304727e-01 6.265804233083242802e-02 5.359257990289201939e-02 1.601593164189891172e-01 6.612327430643774595e-02 1.542359386641938002e-01
1.275319919941805824e-01 1.035617035880002090e-01 1.030430329164171571e-01 8.837305582406561333e-02 1.184905198826825268e-01 3.802899278320254206e-01 3.877357262746239375e-02 3.993619533516614556e-02
2.090693336319868478e-01 9.035838855189033680e-02 1.247532002077617885e-01 6.326974106546923160e-02 6.431076388921767861e-02 1.884434711083851355e-01 3.119038093010761611e-02 2.286047206151812783e-01
2.782755110665197651e-01 1.424328012870717530e-01 1.168771688813981940e-01 2.889422636092894153e-02 1.031235297416165236e-01 2.036087933363277258e-01 6.300663477248436006e-02 6.378133455365268822e-02
1.842886076404140483e-01 9.859619238258833518e-02 1.158328348017162862e-01 1.521551972609119230e-01 1.837529944351571631e-01 9.344161940659166665e-02 1.034430176961707443e-01 6.848953637644984715e-02
1.166083639402649141e-01 8.039355427550114175e-02 1.060702918813274248e-01 6.677656685569814676e-02 4.098251709317352054e-02 5.111464891115722331e-01 3.466774010549890372e-02 4.335447673696370824e-02
1.585345811957918349e-01 2.424474524257472230e-01 1.308822507036588312e-01 5.479897387497605077e-02 1.707536405742757502e-01 1.200789760296475661e-01 6.775012583925546505e-02 5.475399935664736900e-02
3.205885487837470404e-01 1.155748553715748028e-01 1.225140594962137036e-01 4.177556869119663369e-02 1.277347756972211368e-01 2.025470158977558111e-01 3.619504040382226506e-02 3.307013565846868286e-02
1.664178992874361940e-01 2.123604407024599350e-01 1.129623633673044608e-01 3.970003041897514351e-02 1.481483670715524337e-01 2.449042539217113346e-01 4.621409440322432616e-02 2.929255082733607171e-02
6.194574612736774427e-02 3.657468381048105677e-01 1.067356624491686556e-01 1.023367986654104278e-01 1.552642420630362396e-01 8.056711018161623328e-02 9.150977153039871470e-02 3.589383087819132678e-02
6.381266228494616999e-02 2.813190421981491829e-01 9.629719712372444840e-02 5.395503262926597265e-02 6.474538739889322547e-02 3.531635030844396117e-01 5.920406100190880178e-02 2.750311427867257671e-02
8.122573482419469248e-02 2.065721811506241179e-01 1.089193585501447986e-01 9.017695148290366669e-02 7.217000300338620444e-02 3.682470356663065658e-01 3.171097424667192882e-02 4.097776107576813626e-02
2.831420434023301236e-01 1.280807010479417252e-01 1.382832806363462341e-01 5.244639374354961858e-02 1.544967306540473428e-01 1.719161433798658545e-01 3.398444194368359372e-02 3.765026519223542423e-02
3.078773532864201301e-01 1.300459253383572933e-01 1.247151065246292906e-01 4.636567105344501644e-02 1.156236386536551308e-01 1.107466108456750531e-01 7.500303212811178233e-02 8.962266216970624089e-02
6.278972914489186485e-02 1.947417245385737461e-01 1.042674743995742198e-01 4.896029026762577230e-02 2.544938467499467324e-02 4.860998034898041942e-01 4.643026323464418542e-02 3.126133024989152798e-02
1.990042520600916465e-01 1.084300261765142603e-01 1.085769656277542350e-01 7.252453374214466730e-02 1.188116673331991446e-01 2.933519825078703680e-01 3.540620009878544389e-02 6.389437245364017193e-02
7.935398657957282165e-02 8.288212496396504814e-02 1.036411366125934291e-01 5.656283730392320380e-02 4.551888754175500984e-02 5.611902056700829311e-01 2.977200429026477524e-02 4.107881703784269783e-02
3.500395153801433845e-01 5.513144419459500845e-02 1.358579068641131427e-01 6.792723391867018512e-02 1.002463849967467069e-01 2.088751271390748565e-01 4.307685980468899806e-02 3.884552770196775945e-02
9.001645444061415202e-02 1.252145875832350597e-01 1.137220580375475770e-01 9.531100499101363699e-02 1.536714026050673698e-01 3.386201651287769621e-01 4.069640011882050268e-02 4.274792709492462178e-02
3.253169698301578427e-01 1.106566122059913782e-01 1.259166938682117209e-01 4.598761711824914805e-02 9.007851613105258282e-02 1.690847834984069153e-01 7.155452881867392645e-02 6.140427852925664509e-02
2.185904682083228967e-01 2.040873814212874060e-01 1.320978819740987742e-01 4.917102145158463306e-02 1.904536187613760922e-01 1.288581315659387272e-01 4.375787526949184714e-02 3.298362134789975531e-02
3.390897673414938751e-01 6.155772479360310800e-02 1.434437903056351160e-01 5.883717569261740638e-02 1.304952371068129613e-01 1.851861821450801748e-01 3.246178829609437655e-02 4.892833431866290550e-02
2.500122548660576594e-01 1.573545683953537777e-01 1.097494533199521310e-01 6.086933214345265769e-02 1.657324315018788574e-01 1.705886078467547251e-01 2.509732785099566890e-02 6.059602407555452624e-02
8.267997938318810691e-02 8.320046434167741034e-02 1.050543779671601757e-01 8.400842397979109422e-02 5.450025894209352406e-02 5.193455192315310498e-01 3.570451554210639367e-02 3.550646061245218976e-02
7.037223188195000645e-02 3.322082259067192234e-01 1.082970276517090796e-01 2.361435381967840613e-02 2.471039409555766952e-01 1.283665403675983974e-01 2.809626112493142022e-02 6.194141829183681669e-02
2.964242453050571213e-01 8.760644746446574760e-02 1.442746995256190545e-01 8.555876068044621086e-02 7.980412604422351674e-02 2.194504078281346859e-01 4.351321183684765670e-02 4.336810131520606876e-02
2.989142970185738601e-01 5.664382297815227091e-02 1.334558076407226512e-01 5.927235823966582606e-02 7.226033031070464019e-02 2.648481787090289363e-01 7.012152274208165170e-02 4.448368236107005935e-02
1.955952953395126426e-01 1.337736851514126357e-01 1.183370157444114529e-01 3.990563625213019994e-02 6.562072564352243453e-02 3.609473662991662390e-01 4.605316308170753076e-02 3.976711248813689925e-02
3.320337599593907729e-01 8.421291803559449729e-02 1.518855491975034389e-01 5.200615435439153583e-02 2.102400446338781037e-01 7.911635682125800484e-02 3.802200234367789783e-02 5.248321465430581811e-02
2.892428978790648197e-01 9.674912696629968389e-02 1.131906345985757290e-01 4.806133928694594770e-02 3.143019160577402438e-02 3.444895872447463758e-01 4.078766336281524491e-02 3.604855905577823705e-02
1.333650937545469706e-01 2.145869653315294612e-01 1.203062146622789763e-01 5.786415120266098777e-02 1.389794329690710872e-01 2.553189484595365655e-01 2.989757048808854012e-02 4.968162313228749460e-02
2.162980927479462856e-01 8.403224161393599290e-02 1.305117187926107258e-01 1.172083167287583938e-01 6.525741799276182920e-02 3.100950983742156164e-01 3.745712200816493642e-02 3.913999174160639333e-02
2.889397556353648366e-01 1.540732245942073031e-01 1.116464019513804251e-01 3.741938378085400002e-02 1.737048276107005240e-01 1.110235572997570891e-01 3.361011883689440927e-02 8.958273029084146133e-02
1.318944349067901478e-01 9.803575819162381466e-02 1.045247853256912746e-01 9.924423402359530688e-02 8.675954731385164542e-02 2.827150792934055024e-01 7.525776905334416456e-02 1.215683918916980744e-01
5.986208936358408672e-02 2.891455457503659399e-01 1.074659746877696803e-01 3.837759879952903214e-02 9.700339842108751665e-02 3.280732397032259939e-01 4.199482027691671393e-02 3.807733299752108502e-02
1.903733164915156206e-01 2.097570304354869908e-01 1.138817169634327442e-01 5.389146708625822124e-02 7.453916096277819758e-02 2.882531851846011350e-01 3.583239671586253838e-02 3.347172616006461460e-02
1.150946659631001401e-01 1.125844867483670048e-01 1.085209263712921396e-01 3.036570080255535653e-01 1.377354666820175821e-01 1.352277130420737883e-01 4.446657382751642573e-02 4.271315934007927778e-02
3.417158191732789230e-01 7.167161613832902234e-02 1.297723284165316071e-01 5.841694856462796570e-02 1.507811385870851673e-01 1.588514325526007298e-01 4.228999511137113143e-02 4.650072145617538399e-02
1.392385544640563910e-01 2.544762208045667218e-01 1.034581537625970243e-01 3.423946256621433065e-02 1.405652150985264859e-01 2.443320943938805390e-01 4.399134714375207283e-02 3.969895176640654555e-02
3.208774337942921218e-01 5.782230749986035784e-02 1.129876940792609030e-01 8.361934763247691471e-02 6.410270311199071924e-02 1.791119239114964956e-01 9.880630235052936805e-02 8.267228762009319609e-02
1.441532048319868475e-01 8.855297824083814551e-02 1.820214996547368236e-01 2.591487430767940026e-02 5.510049864356329763e-02 4.217317516647027253e-01 2.328911373811140897e-02 5.923607891838138240e-02
2.678029119274420444e-01 8.449239457850725443e-02 1.132812869343425982e-01 6.476087600926733190e-02 6.955146618782109824e-02 1.604481445273252538e-01 2.122861991636216528e-01 2.737672067167281828e-02
2.667034343096720828e-01 8.023191420085878933e-02 1.808333544490761946e-01 4.861750220588324789e-02 6.255408335437276368e-02 1.936781986614343198e-01 5.096654030537334235e-02 1.164149725133292873e-01
3.416557187694104214e-01 6.701476723066121521e-02 1.516941491683694299e-01 5.468700775350516380e-02 5.920280302768286818e-02 1.652915253162892395e-01 1.261669665738105739e-01 3.428706216027118531e-02
2.933994897082183861e-01 7.100472292986421963e-02 1.213272611001472157e-01 4.691005510651868188e-02 3.697429001782254893e-02 2.285987776825735007e-01 2.992329413474842381e-02 1.718621093201069816e-01
2.335978978627441804e-01 9.053886121319991431e-02 1.280968192464377042e-01 5.014345573179265769e-02 3.719198253270111082e-02 2.660283806183680322e-01 1.603486779505110260e-01 3.405392484424533267e-02
7.585770391748716812e-02 3.453963145747221408e-01 1.088089558848443911e-01 7.823783152371370508e-02 2.078927365030740770e-01 1.104307164237795236e-01 3.700555046786944274e-02 3.637019070450945440e-02
2.354931908600623458e-01 1.108931705189402650e-01 1.178043647372398056e-01 4.015862547418942025e-02 1.279226461894546474e-01 2.255171035465996232e-01 9.729834293681371982e-02 4.491255573669995782e-02
2.169451032164069204e-01 1.072850274458329867e-01 1.020360211578896503e-01 4.039355164619894134e-02 3.480059126703212435e-02 3.896076703248601558e-01 3.680171180273403286e-02 7.213032313904507720e-02
3.111904178282795530e-01 6.267623876046049536e-02 1.335253055022612989e-01 8.824865453126849724e-02 1.193891964834487424e-01 1.250434518103530346e-01 1.231893111450764050e-01 3.673742393885204988e-02
1.795829334897694196e-01 2.320245508579464044e-01 1.222999843315256546e-01 3.722280530345348920e-02 1.168942794713841438e-01 2.424029938129316497e-01 3.577210787810598119e-02 3.380034485488327134e-02
3.444972232279563951e-01 6.985967912526591661e-02 1.335481195669414034e-01 4.406092738517886770e-02 1.001331934866600409e-01 1.627919774088288085e-01 5.570786758543033040e-02 8.940101221373834839e-02
1.579887032052652296e-01 8.243379113035832761e-02 1.179488461933652227e-01 9.387263148266836166e-02 1.749244059866829348e-01 2.860057635755891559e-01 4.509809980436001869e-02 4.172775862171082539e-02
8.285161269163435205e-02 2.311728549511355424e-01 1.031073839480867865e-01 9.506591533213994138e-02 1.623764193285789637e-01 2.439564134738329837e-01 4.647543654643739724e-02 3.499396372815394285e-02
2.224793084940934751e-01 1.844311354450017815e-01 1.316663038827096954e-01 3.730107107222364188e-02 5.830237532220652191e-02 1.767451270660742590e-01 3.540296472756086776e-02 1.536717139901297713e-01
1.513737342671535591e-01 2.491225203216523854e-01 1.220566129478621309e-01 5.849726540384302814e-02 8.104899621330290127e-02 2.608740407120339611e-01 3.858685206005470908e-02 3.843997807409737372e-02
1.235365277701008513e-01 2.843663005941643451e-01 1.074369607351366857e-01 2.805804837065981050e-02 1.563171483663708949e-01 1.282704271809364527e-01 1.430815714635192970e-01 2.893301551911164546e-02
3.363998752884192478e-01 7.207185236596219680e-02 1.230150811249903081e-01 5.077497573093776861e-02 8.372741126069296880e-02 1.742969933874088106e-01 1.102022283228601407e-01 4.951158251872850302e-02
3.416324626488468352e-01 8.986082183355563469e-02 1.379325814414012197e-01 3.773306280040077121e-02 9.790346172345483489e-02 1.044778178517559303e-01 3.958051605173670828e-02 1.508792756488480380e-01
2.062509436300002941e-01 6.663420326535367255e-02 1.234507791464410226e-01 1.288884007278044419e-01 5.062322941062363801e-02 2.072341076724198705e-01 3.769248832097337604e-02 1.792258478263838162e-01
2.233347722111174438e-01 5.903043194305398339e-02 1.098546757657726802e-01 6.057531732531067775e-02 2.440718506306678234e-02 4.444887867780193402e-01 3.155578973668433929e-02 4.675304117697474254e-02
3.500380828743811512e-01 8.433253002183979663e-02 1.354935986233370415e-01 5.617156023947002946e-02 8.861518514720932715e-02 1.725898621053325310e-01 5.795649313887964865e-02 5.480268784955050210e-02
3.363150977859844515e-01 8.534572309226789999e-02 1.327546899541960368e-01 4.712025639727238091e-02 1.889807792966904099e-01 1.442884773562058132e-01 3.101375895572177147e-02 3.418121716166130225e-02
2.910245951379805129e-01 7.662547309936433571e-02 1.212014965047599202e-01 1.446118379647715058e-01 1.153780035013748928e-01 1.676763254376464896e-01 3.597488139221229064e-02 4.750738696188999688e-02
2.534322704216622757e-01 9.320907608876155548e-02 1.283554306584962224e-01 1.079085085243920161e-01 1.257692826183607060e-01 1.740575078086763761e-01 3.799339536553657942e-02 7.927452851411434520e-02
3.436268786323347646e-01 9.109706237718531718e-02 1.218219519820192831e-01 4.365879834904928813e-02 5.541429731396278063e-02 2.079859026509074393e-01 4.550083247262545760e-02 9.089427622191569023e-02
3.042496813697551095e-01 8.223757421033180137e-02 1.230598681409319078e-01 4.832781761749944255e-02 6.482454290504045813e-02 2.800404683666972150e-01 6.419522381800073230e-02 3.306482357174343745e-02
2.886577906978149977e-01 6.112473193142033134e-02 1.323788132220881653e-01 7.074346928151448166e-02 1.477082398886160053e-01 2.266800358971211016e-01 4.126303269774616450e-02 3.144388638367887762e-02
3.213301067030493452e-01 8.330345308720474296e-02 1.215915049020552807e-01 5.325733155747860298e-02 1.199439775860579038e-01 1.661512762838390778e-01 4.700589195865882003e-02 8.741645792165633755e-02
2.904126668868553529e-01 7.418581255223512250e-02 1.592803535532441861e-01 7.519198634914141255e-02 1.037340149313321497e-01 1.459565021781366878e-01 3.607458675222444122e-02 1.151640767968307028e-01
2.335672218390290600e-01 8.947291774707845369e-02 1.614698249308819111e-01 8.399251703546040115e-02 1.505870697032068717e-01 1.878204650392432673e-01 3.431828201661304284e-02 5.877170168848704773e-02
1.342405617368032655e-01 9.785892281150200545e-02 1.123392582117712785e-01 1.077053785626811144e-01 2.865835388783007920e-01 1.891335955105581668e-01 2.795920038673247246e-02 4.417954390165094308e-02
3.056718954762464024e-01 7.979244175694205632e-02 1.598331999198105147e-01 4.432405986970271855e-02 1.175781590650158692e-01 1.781749032180738879e-01 3.804770173260292598e-02 7.657763896160563188e-02
1.939100481409647136e-01 2.001699197221179505e-01 1.084486972233626445e-01 2.504242043775687862e-02 1.712059155877212191e-01 2.076296301010004675e-01 5.340122923866493648e-02 4.019213954841121400e-02
2.713916893739071190e-01 9.430134198992494443e-02 1.192689008626084679e-01 5.770051772033094051e-02 1.010493023428924303e-01 2.693352673614573534e-01 5.909241311898574128e-02 2.786056722989303791e-02
3.357483474157031411e-01 8.359151236803206986e-02 1.422522255550539294e-01 6.991930728746201251e-02 1.437273555964048155e-01 1.533910935753858840e-01 4.396538093897495864e-02 2.740477726298330696e-02
2.097365364162265822e-01 1.551907395138796553e-01 1.098503730230131481e-01 3.536509528509019368e-02 7.111471788040248099e-02 1.498811837300808580e-01 3.736012701165690453e-02 2.315012271396502397e-01
2.647362780895745615e-01 1.225220164012302271e-01 1.131780230416076644e-01 8.868045603187836579e-02 7.992142792157824749e-02 8.808711197682363159e-02 3.777110785648896824e-02 2.051035786808182437e-01
8.852965634994118538e-02 3.148347669417881911e-01 1.470194663655568779e-01 3.219218164584732728e-02 2.036267645316203745e-01 8.554502162431294743e-02 5.514464460991987810e-02 7.310749793101317673e-02
2.484190978700909769e-01 1.738244447508271451e-01 1.248989211264642518e-01 3.182309640857755584e-02 2.030885377901744948e-01 1.366909535090689298e-01 4.385387620505074718e-02 3.740107233974591938e-02
1.103568526996130811e-01 8.952152089807902113e-02 1.092986864349553000e-01 1.187340962800817190e-01 8.389342114661031691e-02 3.764083440326059793e-01 4.080350132472323338e-02 7.098357718333142552e-02
3.381158280908294067e-01 6.844507090485642264e-02 1.440460683687961041e-01 5.877294674938649682e-02 9.302180035588980545e-02 1.958688531419543466e-01 5.636993299681807013e-02 4.535949939146939613e-02
1.594290384664290017e-01 2.465935689803057940e-01 1.182512379653915813e-01 4.716864400687974940e-02 7.235577226763489911e-02 2.822761125977105712e-01 3.512623561348716256e-02 3.879939010216128248e-02
2.852259819633546911e-01 5.848856475521771459e-02 1.619840999167973250e-01 5.117119023250857324e-02 9.299375211930377416e-02 1.988428985834804485e-01 8.778374646252717906e-02 6.350976596681015551e-02
2.908355453151218462e-01 1.336258200569713228e-01 1.328536820819606057e-01 4.183514015412026499e-02 1.370375218878562007e-01 1.393435648271728611e-01 4.639004526708782189e-02 7.807868040970913914e-02
1.461480044470427897e-01 2.864046729776000833e-01 1.153070715636833887e-01 3.841338314332240489e-02 1.110298545056884190e-01 1.931320269860119510e-01 7.690438010542961778e-02 3.266060627122131105e-02
2.250770421291881096e-01 1.106811026314039187e-01 1.095050662079701947e-01 4.292952262046180467e-02 1.225739729761836927e-01 1.072882687780931377e-01 4.761325595643427222e-02 2.343317687002648420e-01
3.486430554453788244e-01 7.690552930048577540e-02 1.486202021078154578e-01 6.930990227651934177e-02 1.377621453341985325e-01 1.160386427584961383e-01 7.412863280328010895e-02 2.859188997382572373e-02
2.601615546966879466e-01 8.009159026364758016e-02 1.213824492691871343e-01 5.609871055342375429e-02 7.285249870067314615e-02 1.754200941672907077e-01 7.147063812857588905e-02 1.625224642205136683e-01
3.468889701013822546e-01 5.727893538580003385e-02 1.359732189949363346e-01 6.949812896736365375e-02 8.947998287477670898e-02 2.007055277632367463e-01 4.235589595486884129e-02 5.781933995763535034e-02
2.357170578397531913e-01 1.112574753847649228e-01 1.134874649504754446e-01 3.903492892301650696e-02 2.728732726862036911e-02 4.055478462513354976e-01 2.688367031082289013e-02 4.078422907121125041e-02
6.615346087085745286e-02 2.671096443462886438e-01 1.100431851706847597e-01 5.438987504496160807e-02 6.125936485975925355e-02 1.690732092853882151e-01 3.273995397844230160e-02 2.392313064436177861e-01
2.907135985038626913e-01 1.380952821957569798e-01 1.057231727439145175e-01 2.870006986353622336e-02 1.481448494228259638e-01 1.500373300046058123e-01 7.674752589135647174e-02 6.183817137414125004e-02
1.540260925301159267e-01 1.997873340704199585e-01 1.253176625414410827e-01 5.817892557973378120e-02 6.846226259841378670e-02 1.358555988187256092e-01 4.231527111690456394e-02 2.160568527442451314e-01
2.423277845724371160e-01 1.395435128997639385e-01 1.151454213357509526e-01 1.370130964712352184e-01 1.606712783288617163e-01 1.143228437168801459e-01 4.457044595599450598e-02 4.640561671907637853e-02
2.576911024538749984e-01 9.193047766313029723e-02 1.149908132854514931e-01 6.468368417401657022e-02 2.979172216424118974e-02 3.690943689084749124e-01 3.877313482451383991e-02 3.304469652629660192e-02
6.848804842005147553e-02 2.722692219613582210e-01 1.038349306185984561e-01 1.094185913248039155e-01 2.275419331423638725e-01 1.416595856073097071e-01 3.578344972080386988e-02 4.100423920471048256e-02
1.861237157421564425e-01 1.203337221198130247e-01 1.169257348507716787e-01 4.752830946387279210e-02 5.813939069782474156e-02 2.033058840580481141e-01 3.096792905303698967e-02 2.366753140144762513e-01
2.452575366478229046e-01 1.757618156036563073e-01 1.276758479146928860e-01 3.249187543118711718e-02 2.628765609977570250e-01 7.740919856939432186e-02 4.275795765310470842e-02 3.576920718238484759e-02
1.143078928362044333e-01 2.226747015553800224e-01 1.119978548881065683e-01 4.763875971101388246e-02 1.577675662088539044e-01 1.287832468763043525e-01 1.727211620888661481e-01 4.410881583527072325e-02
2.121939663231659501e-01 1.163246265585013012e-01 1.173189808107713006e-01 9.126585638055162431e-02 5.385405154318404636e-02 1.598598349110225136e-01 3.967203949826592080e-02 2.095106439745373084e-01
3.432069788804528732e-01 8.839107129738950352e-02 1.244178423838099290e-01 5.583504023517887188e-02 8.494834227463041176e-02 1.693540927340846936e-01 3.820357837839685744e-02 9.564305381605693601e-02
3.254480041965058801e-01 6.540107226122274242e-02 1.284503255066711813e-01 6.534744768831349249e-02 6.026519971350106919e-02 2.950211860315369305e-01 2.805152870785148841e-02 3.201523589439724676e-02
8.704110310660873040e-02 1.826822328231764991e-01 1.051808079553948477e-01 2.996720162157543998e-01 1.733477295321285139e-01 7.346942445536470967e-02 4.481509700732194679e-02 3.379158890425029704e-02
3.355113001069579548e-01 6.378589747578043700e-02 1.211297654473161983e-01 6.424141731291471702e-02 3.595815054928896970e-02 2.972016119743867146e-01 4.207385512494556806e-02 4.009800200840948903e-02
1.240497298284206629e-01 1.148991259181973285e-01 1.669838021604361789e-01 3.552039640058157755e-02 6.533323683901236245e-02 4.222420435535279570e-01 3.544028056854275910e-02 3.553138473128114594e-02
6.719450434125247285e-02 2.835551272451742322e-01 1.002578863617794996e-01 3.006602390845081185e-02 7.129426171746761076e-02 3.604325777719939450e-01 2.790198440719783221e-02 5.929763424668371696e-02
2.544494324290564879e-01 1.484235659389560036e-01 1.194686283794981624e-01 5.011572191720992803e-02 5.894804112184311856e-02 2.630345272954328628e-01 6.125808966329033406e-02 4.430199325471313038e-02
1.961932072022249118e-01 1.892663240051239426e-01 1.168851291485262095e-01 9.741853303907212214e-02 1.250697801322303571e-01 8.280063986285200739e-02 3.416027652721151386e-02 1.582061100827588385e-01
3.152522407166896135e-01 8.835310727801527764e-02 1.221206718543292047e-01 7.893180912681058148e-02 1.902764576818052333e-01 1.322798648763218732e-01 3.658239997519806969e-02 3.620344849083018818e-02
6.392420683546165550e-02 3.142443530634521087e-01 1.075166430404620871e-01 4.558125909875804932e-02 2.360896521061865982e-01 1.447661357082574429e-01 3.390100786504511576e-02 5.397674228237685917e-02
3.113882077913763258e-01 9.988841166976665520e-02 1.299209560546826236e-01 6.017293122120168092e-02 7.200453975430660958e-02 1.562262925384176881e-01 4.638343327328514620e-02 1.240152276969632150e-01
1.505293194365777687e-01 1.678032935108040580e-01 1.197605405617888363e-01 6.794724605370443260e-02 4.918358219857014296e-02 1.728971967357050277e-01 3.041363157445609033e-02 2.414651899283935810e-01
3.231676173192319368e-01 1.096704215405713556e-01 1.133094950461022016e-01 3.599151261705731825e-02 1.509413342620837262e-01 1.949313845737979389e-01 4.194629953640824360e-02 3.004193510474732765e-02
1.216601785907719113e-01 2.346115264131904965e-01 9.925105529119536418e-02 1.132296809135520665e-01 1.302451349322760465e-01 1.245044923099436762e-01 7.733250980598521673e-02 9.916542174308527746e-02
3.242104482031969437e-01 6.832927267568332519e-02 1.440563622215051409e-01 5.336623039813685743e-02 6.020860848305454455e-02 1.072695949222951944e-01 1.128632331731035665e-01 1.296962499230244759e-01
3.090031150930188653e-01 6.391318594683823018e-02 1.210048427386468950e-01 8.217478717577475500e-02 7.482176795772443878e-02 2.246071270456632962e-01 7.476049517673405420e-02 4.971467886559958332e-02
3.199751956544462095e-01 1.124409151561526904e-01 1.273969076576452475e-01 3.102146232292764955e-02 5.431476705969748298e-02 2.391407175468773239e-01 3.046475064287608794e-02 8.524528395937736036e-02
9.511176986389703603e-02 3.093616679168048056e-01 1.168893597371981341e-01 2.445138731154847256e-02 2.202424500109765315e-01 1.562357283724875590e-01 3.934291992638037222e-02 3.836471686070699882e-02
1.999892449913138748e-01 1.315830914917981154e-01 1.062544020152248886e-01 6.823674431262040374e-02 1.011037433606021274e-01 1.794353329696483368e-01 4.588358619777798547e-02 1.675138546610142332e-01
1.691718224223416611e-01 8.176481138116165059e-02 1.253595556111618270e-01 1.162264983696435078e-01 6.096612810955633066e-02 3.411094449851607702e-01 8.021850570985165907e-02 2.518323341112278096e-02
2.481160067530137070e-01 8.145391590826586703e-02 1.122834069194759560e-01 6.834844825999739082e-02 1.987079190158993758e-01 2.120913827715715516e-01 4.701377379945367863e-02 3.198514657232261887e-02
2.504127040740471433e-01 2.498047452568731008e-01 1.139416172979061531e-01 3.262941712039610365e-02 1.375596316669155661e-01 1.327993710607364430e-01 3.485102027800657948e-02 4.800149324511871624e-02
2.623383286221275812e-01 1.675887112427761338e-01 1.293424660081770594e-01 3.840497043311590780e-02 1.805909137126178177e-01 1.204204155817967664e-01 4.565672434346743774e-02 5.565747005592130286e-02
5.866582950123505613e-02 3.533400007800594489e-01 1.052147270251604094e-01 6.035303593525770394e-02 2.206483924350632342e-01 6.013297203195036578e-02 5.645382875210787355e-02 8.519121353916592199e-02
2.076729263764563183e-01 1.889091554267104123e-01 1.198233895721548814e-01 4.821794439743718602e-02 8.911864871967209445e-02 1.386973480798241176e-01 1.832345419784685847e-01 2.432604544927624221e-02
3.063908675446658236e-01 1.116997640259851793e-01 1.032010324091959669e-01 4.978198232614981095e-02 4.524688008938881900e-02 2.485905592006010245e-01 3.280098460052446874e-02 1.022879298034889001e-01
6.768958126406864062e-02 1.314158353114110167e-01 9.703418937575268577e-02 2.422754939995398413e-02 1.221493130268915817e-01 4.752180126811592076e-01 4.312907167199544339e-02 3.913644726876740892e-02
8.419235995463716926e-02 3.091520186122633240e-01 1.022994398173254910e-01 3.179947391111544869e-02 9.256120137509407653e-02 2.799262258336024933e-01 6.682500651710343575e-02 3.324427397885858920e-02
1.492791455028342207e-01 7.431925366896635632e-02 1.103579513396277662e-01 1.103749907799315561e-01 1.171385793146612203e-01 3.639584104502400774e-01 3.003780707569657371e-02 4.453386186804225710e-02
3.313282667185246111e-01 6.367879425138850413e-02 1.530161746383937871e-01 7.897254480639773200e-02 1.197358367624318659e-01 1.828161282491635453e-01 3.469968250108398933e-02 3.575257207261595127e-02
1.504524966940626318e-01 2.768719529610357832e-01 1.093323255949714967e-01 6.723576116804913516e-02 8.738269411734159164e-02 2.298886710245095499e-01 3.781935823901737270e-02 4.101674020101232082e-02
1.428332714259807068e-01 8.166703903042187018e-02 1.215678452922829417e-01 9.792727729802309933e-02 5.500893342312660611e-02 4.267296688681358474e-01 3.621252339378845664e-02 3.805344126824042328e-02
1.141428225570589455e-01 2.723368656005199506e-01 1.127611436212296731e-01 7.653565977257699438e-02 1.777351026685348723e-01 1.504165678965211916e-01 4.842244681571058335e-02 4.764939106784783079e-02
2.201082786928741375e-01 1.418238194117084072e-01 1.125142866263459801e-01 1.131240616851318381e-01 1.779815134295700818e-01 1.108447016982932881e-01 8.887088771037222890e-02 3.473245074570401048e-02
3.043890989496537136e-01 7.981881606866682299e-02 1.172203406380117885e-01 6.704549043100287153e-02 1.235819779435336774e-01 1.440865443995740236e-01 8.607057760354976106e-02 7.778715396600714704e-02
3.478812008436906744e-01 9.684126794635625202e-02 1.367647462884426790e-01 5.480205418216056723e-02 8.951530315658479120e-02 1.556986902850184262e-01 4.501693903304419819e-02 7.347979826470241171e-02
2.271178068468562572e-01 1.156821293982614601e-01 1.268589820086347686e-01 7.336803639690955836e-02 8.131764252300685558e-02 1.457898841135979173e-01 1.916618731002397158e-01 3.820364561249346008e-02
1.558699224125248417e-01 1.691923364059509105e-01 1.163663998430651964e-01 9.106262028462489000e-02 2.011939205997260449e-01 1.857219645566641764e-01 3.768267019979728433e-02 4.291016569764646155e-02
3.321153516897290547e-01 7.541578492495985830e-02 1.121772189448217300e-01 5.584794461056726694e-02 1.176964912292235294e-01 1.614337990465510575e-01 6.196671132999524018e-02 8.334669822415226303e-02
9.574324091840008544e-02 2.949844292794377987e-01 1.128166273538698666e-01 7.391484449211245533e-02 1.239099147635518705e-01 8.830786785416598617e-02 1.731482869960650484e-01 3.717478834239698604e-02
2.401459516627405255e-01 1.636517100558481097e-01 1.254664134330737424e-01 4.579997922941677485e-02 1.011145761335185689e-01 1.873206610030421215e-01 7.443265710825770765e-02 6.206805137410231071e-02
1.226016815014512873e-01 2.669430936989460323e-01 1.152568985233809185e-01 6.206037602413750492e-02 6.973340420106183268e-02 1.485054312871520454e-01 7.560341436238286750e-02 1.392957004014875599e-01
2.624499113626808100e-01 1.222832146596975617e-01 1.142179276151001621e-01 3.781021365219781882e-02 1.013121883257619565e-01 2.762080395769890284e-01 4.181375718490674964e-02 4.390474762266582953e-02
1.080646840373478967e-01 2.889637427661548852e-01 1.124980624625233766e-01 5.489394147441740979e-02 1.138543834513933151e-01 7.423242860282161515e-02 4.085090459056148898e-02 2.066418526147800749e-01
1.450255958353948438e-01 2.778251406265905832e-01 1.081755376213662523e-01 2.483051420315212504e-02 2.812910199389015986e-01 8.987662719437002068e-02 4.054010832650443291e-02 3.243545625372023372e-02
3.317870415498649916e-01 7.297121860781027869e-02 1.446168887245043722e-01 6.620521413146171485e-02 1.001803292001161860e-01 1.592579078027870076e-01 7.228544823719164347e-02 5.269595174626372919e-02
7.167196437410951193e-02 2.080701505587605471e-01 1.450890087364043735e-01 3.708374696340761140e-02 5.039308401864330683e-02 3.656729491505103513e-01 7.657911585018900569e-02 4.543998034797528535e-02
2.455760827628047371e-01 7.871321240944215147e-02 1.153489468515251637e-01 7.704950392185890007e-02 5.135327439641324682e-02 3.463195292042846041e-01 3.916910038087968032e-02 4.647035007279160662e-02
8.773204573773252246e-02 3.647441228893004705e-01 1.145490643017731264e-01 3.799498610306018681e-02 1.148440403360853485e-01 1.719550036475066546e-01 4.241756802365889006e-02 6.576316896088264807e-02
8.264453418319135658e-02 3.074931101827499957e-01 1.072106828898339859e-01 7.128825054178100640e-02 7.259026516213885893e-02 1.947815555660714626e-01 3.326544286246967824e-02 1.307261586117637042e-01
1.429509433943985663e-01 2.484142722112780144e-01 1.266052848726847424e-01 6.921503738352537127e-02 1.089919893996131317e-01 2.261573876683642681e-01 4.285137565160376805e-02 3.481370941853211692e-02
2.501278426899342655e-01 5.726374530897951343e-02 1.300097284227131889e-01 8.400184185628395417e-02 6.541660554197216426e-02 3.289085756696357166e-01 3.854462121347931869e-02 4.572703929700201037e-02
5.731310365612458935e-02 3.145141591524896474e-01 1.072377147710190243e-01 4.872317681602909151e-02 1.361193730417519787e-01 2.437378291421891108e-01 4.988110141896250765e-02 4.247354200143418218e-02
3.484325660527377022e-01 6.927693094874720625e-02 1.343807663852011614e-01 4.076148552419529836e-02 2.196264281587246014e-01 1.085069609979335270e-01 4.014291970432674189e-02 3.887194222813378924e-02
1.124486377400533837e-01 3.000926936658900313e-01 1.122189162119914124e-01 4.111594395251296635e-02 6.213650108788709020e-02 2.913866293400963481e-01 3.514613571228487887e-02 4.545454228928395152e-02
3.114059536866671252e-01 9.216958649707773787e-02 1.105408038897441741e-01 4.506759945879781210e-02 5.920001696285324966e-02 3.092198371332962048e-01 3.378410010759245324e-02 3.861210226397122219e-02
2.773821885921005093e-01 1.275354481866555478e-01 1.203593773064366296e-01 2.977996593959254465e-02 1.470698560779631903e-01 1.137479354631801415e-01 1.392373820084564784e-01 4.488784642561504529e-02
3.459211734434061714e-01 5.832550215097397767e-02 1.525307426819526302e-01 5.915124873846380749e-02 9.933097426889207771e-02 1.881180358615885395e-01 6.003641489707109424e-02 3.658590795765170184e-02
7.511420175113596442e-02 1.828916656031389365e-01 1.083370554780898609e-01 5.214614051903596753e-02 8.775402177580847451e-02 4.143373634295762775e-01 3.798452256644733321e-02 4.143502887676732416e-02
2.759515825691178925e-01 1.193929239705665973e-01 1.240348087257119730e-01 4.724107388214033448e-02 1.337579319084039042e-01 1.490713690593792329e-01 1.115388540432364489e-01 3.901145584144362355e-02
2.745824991742636945e-01 1.569212668488099705e-01 1.203370609050879864e-01 6.437127327910319163e-02 1.460481717495467902e-01 1.417716926297163949e-01 5.683774713719488142e-02 3.913028827627724332e-02
3.446127268371066976e-01 7.263705129698302954e-02 1.509455829350404010e-01 3.105860558356381834e-02 1.333139509713818227e-01 9.804687692056622550e-02 1.368443503353567736e-01 3.254085512000123165e-02
3.117957634147595081e-01 8.770089440468629982e-02 1.404471578222356298e-01 3.399816001120564701e-02 1.252084962516759048e-01 2.188751554327863502e-01 2.626157910995052455e-02 5.571279355270003508e-02
3.120161653486616116e-01 8.806658774401175671e-02 1.101617160218417157e-01 5.472714026703575513e-02 1.108955229526357722e-01 1.570619498952192106e-01 9.075042787280429568e-02 7.632048989779001424e-02
2.798859284480906262e-01 1.007185288410778895e-01 1.608743676277119283e-01 4.789602714270722178e-02 1.334061588595493453e-01 2.063400197842637784e-01 4.236542756796993908e-02 2.851354172862928527e-02
2.986739640604058610e-01 6.952791198971337849e-02 1.235271206871796229e-01 8.179159902064171705e-02 6.586700395289585286e-02 2.230800658190703056e-01 1.051927530565964775e-01 3.233958141349664583e-02
1.805905764857763107e-01 1.270133122229139822e-01 1.625381488543068687e-01 9.627384536175931373e-02 8.345389421876377167e-02 2.744109564515518906e-01 3.797042954861110792e-02 3.774883685631674063e-02
1.748602142826365391e-01 1.119780935102122899e-01 1.542271347502436885e-01 3.204948735191582437e-02 5.781277212679517691e-02 2.260884327949840844e-01 3.462594467691782613e-02 2.083579205062946194e-01
2.032416025503109569e-01 1.060766439855755638e-01 1.607999196273025011e-01 4.899627821456604970e-02 7.592057834834897712e-02 3.302097315294851843e-01 3.467683295535382154e-02 4.007841278905688309e-02
2.571047259008943930e-01 1.704460077327414613e-01 1.173768492115069006e-01 5.284125000816565498e-02 8.991287506496199733e-02 1.788296739435961402e-01 5.663431392371105072e-02 7.685430421442238091e-02
8.293109647315535793e-02 1.845383106108361426e-01 1.133493878524686332e-01 1.052214119307511020e-01 6.378154884047915196e-02 1.680600232317638609e-01 4.190288689716178266e-02 2.402153341633840866e-01
1.002599110366910184e-01 1.304958439415891680e-01 1.640757400823312506e-01 3.663445920362472241e-02 2.914586750262088480e-02 4.684185545909396176e-01 3.488951153064439453e-02 3.608011211155884301e-02
1.934099224054514343e-01 6.847488460736458893e-02 1.226649281562840615e-01 1.112637248177230226e-01 2.824109713454243109e-01 1.598415894582091712e-01 2.882757508315402298e-02 3.310640412638919672e-02
1.523707083339140844e-01 8.743290091466993097e-02 1.215453204546910887e-01 7.040643390988779449e-02 4.291495588039610787e-02 4.524072614659316316e-01 3.991370312876770660e-02 3.300871591174160680e-02
1.925713676951980036e-01 2.440643401952565517e-01 1.184823618944247925e-01 4.778420259977344403e-02 1.157736582656532925e-01 1.199036394494935737e-01 5.145787037380154805e-02 1.099625595263986760e-01
1.301250453793157680e-01 1.035632975464678279e-01 1.077214005090347676e-01 7.685283971120825119e-02 9.974532200049446296e-02 3.095304035861724534e-01 8.953974368946866769e-02 8.292194757783782899e-02
1.213211532211789095e-01 2.888977958429589932e-01 1.253951907144603140e-01 5.688947925165396130e-02 1.541742357922807338e-01 1.395920716497528191e-01 6.908986484755764990e-02 4.464020868015675797e-02
9.293503742455394567e-02 3.055918007907587053e-01 1.216381530323646792e-01 6.388458004629495035e-02 1.961566420758656670e-01 1.235075546584572248e-01 6.176982556744604197e-02 3.451640640425884116e-02
2.269096973305793907e-01 1.820876536253405731e-01 1.069872319136247890e-01 3.527588330574313313e-02 4.981711923977297229e-02 3.156631853698334544e-01 4.122317339613967846e-02 4.203605581896595333e-02
6.555692789585258751e-02 2.003132977092936806e-01 1.071244809555707833e-01 6.048128646454876967e-02 2.350613304414421803e-02 4.667597646060143712e-01 4.765981668630350776e-02 2.859829263827190840e-02
